100
0.333 799.25 345.542
0.666 765.461 337.978
0.999 729.293 330.742
1.332 693.036 323.959
1.665 657.075 317.581
1.998 621.471 311.428
2.331 586.259 305.2
2.664 551.375 298.464
2.997 516.761 290.797
3.33 482.315 281.79
3.663 447.972 271.04
3.996 413.702 258.155
4.329 379.507 242.85
4.662 345.177 225.363
4.995 310.9 206.444
5.328 277.193 187.125
5.661 244.794 167.885
5.994 214.552 148.88
6.327 186.419 130.901
6.66 161.078 114.04
6.993 140.373 97.7638
7.326 125.257 82.6226
7.659 114.863 69.8141
7.992 107.657 60.1454
8.325 101.976 53.3528
8.658 96.9219 48.2459
8.991 92.1407 43.901
9.324 87.6691 40.5246
9.657 82.9571 38.0227
9.99 78.8482 35.6684
10.323 76.3521 33.7077
10.656 74.5855 32.3531
10.989 73.1588 31.2812
11.322 72.3496 30.4401
11.655 71.5188 29.6994
11.988 70.8683 29.0911
12.321 70.4868 28.5917
12.654 70.1064 28.1829
12.987 69.8363 27.7921
13.32 69.4802 27.4487
13.653 69.3303 27.1863
13.986 69.2044 26.9541
14.319 68.8258 26.6644
14.652 68.5808 26.4057
14.985 68.0819 26.1119
15.318 67.5787 26.0501
15.651 67.1655 26.1632
15.984 67.0985 26.2314
16.317 66.8098 26.1467
16.65 66.6715 25.9483
16.983 66.503 25.5508
17.316 66.1356 25.0758
17.649 65.8864 24.8372
17.982 65.8934 24.739
18.315 65.4739 24.5288
18.648 64.8713 24.3034
18.981 64.5388 24.3137
19.314 64.6333 24.5408
19.647 64.6819 24.6984
19.98 64.7989 24.7577
20.313 64.9302 24.6359
20.646 64.5901 24.3847
20.979 64.3495 24.1442
21.312 64.3366 24.0903
21.645 64.3091 24.0799
21.978 64.0684 24.004
22.311 64.253 24.0414
22.644 64.2861 24.0479
22.977 64.2279 24.0477
23.31 64.0505 23.9661
23.643 64.0422 23.9575
23.976 64.1695 24.0103
24.309 64.067 23.9598
24.642 64.1022 23.9387
24.975 63.8388 23.8743
25.308 63.4165 23.741
25.641 63.4594 23.8992
25.974 63.7389 24.2517
26.307 64.2438 24.5913
26.64 64.2748 24.6343
26.973 64.2738 24.518
27.306 64.2663 24.3045
27.639 64.0414 24.0963
27.972 64.2158 24.0892
28.305 64.0138 23.9925
28.638 63.8205 23.8897
28.971 64.0806 23.9837
29.304 63.89 23.8994
29.637 63.8036 23.839
29.97 63.676 23.8376
30.303 63.2246 23.7384
30.636 63.6867 24.2296
30.969 64.1395 24.6612
31.302 64.1971 24.8258
31.635 64.2566 24.8809
31.968 64.4337 24.8482
32.301 64.4027 24.5333
32.634 63.8678 24.136
32.967 63.8576 24.0306
33.3 63.8765 24.0106
