250
0.333 708.974 363.64
0.666 707.054 362.988
0.999 701.324 361.453
1.332 692.65 359.731
1.665 682.043 358.387
1.998 670.37 357.406
2.331 657.769 356.507
2.664 644.812 355.791
2.997 632.093 355.304
3.33 619.756 354.578
3.663 607.62 353.338
3.996 595.991 351.512
4.329 582.881 348.42
4.662 567.794 344.24
4.995 551.927 340.309
5.328 535.843 337.56
5.661 519.525 335.693
5.994 503.301 334.546
6.327 487.533 333.724
6.66 472.186 332.395
6.993 456.395 330.727
7.326 439.652 328.91
7.659 423.183 326.301
7.992 409.441 321.552
8.325 399.737 314.004
8.658 393.842 304.676
8.991 389.373 296.711
9.324 385.025 291.757
9.657 380.978 290.27
9.99 378.432 291.523
10.323 378.636 294.712
10.656 382.258 299.498
10.989 389.003 305.899
11.322 398.539 313.969
11.655 410.219 323.883
11.988 424.136 335.153
12.321 439.235 347.377
12.654 454.385 359.497
12.987 467.941 369.679
13.32 479.1 377.627
13.653 489.516 385.935
13.986 500.337 395.933
14.319 510.927 407.02
14.652 519.104 418.039
14.985 523.433 426.556
15.318 524.179 431.94
15.651 522.957 434.854
15.984 521.467 436.119
16.317 519.227 438.098
16.65 517.07 441.783
16.983 516.104 446.947
17.316 517.965 453.593
17.649 524.342 462.033
17.982 534.703 471.986
18.315 546.619 483.484
18.648 558.812 495.802
18.981 570.353 508.484
19.314 581.877 520.373
19.647 593.025 531.516
19.98 603.182 542.054
20.313 613.224 552.237
20.646 623.649 562.653
20.979 634.778 574.1
21.312 646.702 586.676
21.645 659.537 599.741
21.978 673.206 613.591
22.311 687.553 628.399
22.644 702.371 643.382
22.977 716.982 658.257
23.31 730.395 672.013
23.643 740.848 683.035
23.976 746.61 689.61
24.309 748.291 691.302
24.642 747.334 690.674
24.975 746.136 689.146
25.308 744.963 687.879
25.641 744.253 687.165
25.974 744.024 686.689
26.307 744.104 686.752
26.64 744.715 687.517
26.973 745.803 688.619
27.306 747.479 690.245
27.639 749.044 692.124
27.972 750.447 693.812
28.305 750.849 694.472
28.638 749.364 692.821
28.971 745.094 688.739
29.304 738.228 682.157
29.637 728.146 671.533
29.97 712.938 655.481
30.303 692.565 634.874
30.636 671.391 613.223
30.969 651.198 592.956
31.302 632.123 573.665
31.635 613.457 554.598
31.968 594.887 535.833
32.301 576.64 517.135
32.634 558.294 498.481
32.967 540.012 479.884
33.3 521.802 461.342
33.633 503.543 442.954
33.966 485.334 424.558
34.299 467.343 406.318
34.632 449.628 388.207
34.965 431.929 370.342
35.298 414.322 352.592
35.631 396.957 334.834
35.964 379.593 317.25
36.297 362.14 299.974
36.63 344.85 282.697
36.963 327.833 265.316
37.296 310.817 248.221
37.629 293.633 231.113
37.962 276.166 213.881
38.295 258.329 196.166
38.628 239.313 177.442
38.961 219.002 157.392
39.294 197.464 136.524
39.627 175.094 114.981
39.96 151.627 93.2336
40.293 126.806 72.0379
40.626 102.933 53.9434
40.959 85.6382 42.143
41.292 82.2407 39.9464
41.625 87.2703 42.482
41.958 89.6211 43.7493
42.291 87.1582 42.7274
42.624 84.6101 41.4894
42.957 84.4916 41.3769
43.29 84.558 41.2443
43.623 84.2068 41.0599
43.956 84.1818 41.0838
44.289 84.7801 41.2759
44.622 84.3396 40.9401
44.955 84.3386 40.7921
45.288 84.8868 41.0054
45.621 84.7262 40.8528
45.954 84.6104 40.7761
46.287 84.5681 40.8007
46.62 84.5067 40.6948
46.953 83.8341 40.3853
47.286 82.7775 39.8273
47.619 82.9921 40.0846
47.952 83.4405 40.6192
48.285 83.2365 40.6003
48.618 83.1308 40.4452
48.951 83.7805 40.6075
49.284 83.4867 40.436
49.617 83.4435 40.2984
49.95 83.7559 40.4538
50.283 83.3665 40.1827
50.616 83.196 40.0184
50.949 83.5077 40.2096
51.282 83.2199 39.98
51.615 83.1308 39.9288
51.948 83.4562 40.1503
52.281 83.7573 40.2078
52.614 83.4078 40.1223
52.947 84.2484 40.3801
53.28 84.6052 40.6192
53.613 83.8731 40.2113
53.946 83.7972 40.2193
54.279 84.3129 40.4939
54.612 83.7125 40.206
54.945 83.8149 40.2129
55.278 84.0149 40.3527
55.611 83.8732 40.2731
55.944 83.6181 40.1261
56.277 83.6477 40.1851
56.61 83.1317 39.9339
56.943 82.994 39.9007
57.276 83.4047 40.0319
57.609 83.5826 40.2904
57.942 83.7391 40.5323
58.275 83.5291 40.4119
58.608 83.859 40.5009
58.941 83.6817 40.3067
59.274 83.1541 40.0872
59.607 83.2835 40.1282
59.94 83.2204 40.102
60.273 83.6474 40.339
60.606 84.1133 40.6236
60.939 83.5868 40.271
61.272 83.2019 40.066
61.605 83.582 40.2724
61.938 83.5875 40.2255
62.271 83.5329 40.2209
62.604 83.3336 40.1246
62.937 83.505 40.256
63.27 84.7471 40.8432
63.603 84.1653 40.6846
63.936 83.4948 40.157
64.269 83.8446 40.3789
64.602 83.6468 40.285
64.935 83.2975 40.1346
65.268 83.2629 40.0835
65.601 83.5109 40.197
65.934 83.6218 40.2884
66.267 83.4731 40.2822
66.6 83.3203 40.1158
66.933 83.3831 40.2068
67.266 83.5481 40.2449
67.599 83.3519 40.1186
67.932 83.971 40.4909
68.265 84.5849 40.8508
68.598 83.8841 40.5487
68.931 83.4547 40.213
69.264 83.8635 40.4024
69.597 83.4465 40.1836
69.93 83.5619 40.1721
70.263 83.7506 40.3616
70.596 83.1447 40.0234
70.929 83.1927 40.0496
71.262 84.0391 40.5788
71.595 83.0558 40.1086
71.928 82.4312 39.7133
72.261 83.2633 40.1909
72.594 83.1877 40.0295
72.927 83.2828 40.1022
73.26 84.1231 40.7759
73.593 84.4573 41.2858
73.926 84.2161 41.2066
74.259 84.6658 41.1906
74.592 85.1705 41.3151
74.925 84.4329 40.968
75.258 84.6375 40.9853
75.591 84.7093 40.9617
75.924 84.0994 40.6651
76.257 84.5109 40.7879
76.59 84.8598 40.9893
76.923 84.6796 40.8479
77.256 84.3449 40.6416
77.589 84.3246 40.6123
77.922 83.8846 40.3719
78.255 84.0221 40.4058
78.588 84.62 40.6985
78.921 83.9143 40.3449
79.254 84.2001 40.4224
79.587 84.7559 40.6695
79.92 84.8472 40.8318
80.253 85.0805 41.0183
80.586 85.2793 41.1496
80.919 85.4983 41.212
81.252 85.6138 41.3545
81.585 85.5783 41.3284
81.918 85.7944 41.4002
82.251 85.4976 41.1726
82.584 85.4165 41.126
82.917 85.6093 41.1887
83.25 85.4231 41.1231
