2263.95 1226.8 1362.8 706.427 0.0333
2263.92 1226.83 1362.81 706.432 0.0666
2263.9 1226.88 1362.81 706.45 0.0999
2263.88 1226.93 1362.81 706.481 0.1332
2263.85 1226.98 1362.82 706.525 0.1665
2263.83 1227.04 1362.81 706.579 0.1998
2263.8 1227.1 1362.81 706.642 0.2331
2263.77 1227.17 1362.81 706.711 0.2664
2263.75 1227.24 1362.8 706.784 0.2997
2263.72 1227.32 1362.8 706.859 0.333
2263.7 1227.39 1362.79 706.935 0.3663
2263.67 1227.47 1362.78 707.01 0.3996
2263.64 1227.55 1362.78 707.086 0.4329
2263.61 1227.62 1362.78 707.163 0.4662
2263.57 1227.7 1362.78 707.24 0.4995
2263.54 1227.77 1362.77 707.314 0.5328
2263.51 1227.84 1362.77 707.387 0.5661
2263.48 1227.91 1362.77 707.456 0.5994
2263.44 1227.98 1362.77 707.521 0.6327
2263.4 1228.05 1362.77 707.583 0.666
2263.37 1228.11 1362.77 707.642 0.6993
2263.33 1228.17 1362.77 707.701 0.7326
2263.29 1228.22 1362.77 707.758 0.7659
2263.26 1228.27 1362.77 707.813 0.7992
2263.22 1228.32 1362.77 707.866 0.8325
2263.19 1228.36 1362.76 707.914 0.8658
2263.15 1228.4 1362.76 707.958 0.8991
2263.12 1228.44 1362.75 707.998 0.9324
2263.08 1228.48 1362.75 708.032 0.9657
2263.05 1228.51 1362.75 708.06 0.999
2263 1228.54 1362.75 708.085 1.0323
2262.96 1228.57 1362.75 708.107 1.0656
2262.91 1228.59 1362.74 708.125 1.0989
2262.86 1228.62 1362.74 708.14 1.1322
2262.81 1228.64 1362.74 708.152 1.1655
2262.76 1228.66 1362.74 708.162 1.1988
2262.7 1228.68 1362.74 708.169 1.2321
2262.65 1228.7 1362.73 708.172 1.2654
2262.59 1228.72 1362.73 708.173 1.2987
2262.54 1228.74 1362.73 708.171 1.332
2262.49 1228.76 1362.73 708.166 1.3653
2262.43 1228.78 1362.73 708.158 1.3986
2262.38 1228.79 1362.73 708.146 1.4319
2262.32 1228.81 1362.73 708.133 1.4652
2262.26 1228.83 1362.74 708.114 1.4985
2262.2 1228.84 1362.74 708.093 1.5318
2262.14 1228.86 1362.74 708.068 1.5651
2262.09 1228.88 1362.73 708.041 1.5984
2262.03 1228.9 1362.73 708.014 1.6317
2261.97 1228.91 1362.73 707.988 1.665
