100
897.191 490.708 558.572 287.469 483.146 234.326 0.333
897.168 479.196 559.7 270.57 482.99 215.739 0.666
897.346 466.858 560.756 252.352 482.84 195.834 0.999
897.588 454.251 561.608 233.735 482.756 176.246 1.332
897.687 441.429 562.055 214.803 482.731 157.384 1.665
897.379 428.224 562.047 195.744 482.757 139.401 1.998
896.419 414.415 561.599 176.742 482.806 122.509 2.331
894.587 399.686 560.613 158.034 482.897 106.915 2.664
891.77 383.774 559.077 139.854 483.103 92.7835 2.997
888.029 366.437 557.164 122.513 483.491 80.1216 3.33
883.705 347.458 554.913 106.413 484.195 68.8892 3.663
879.471 326.677 552.613 91.9134 485.328 59.1011 3.996
876.402 303.989 550.654 79.2871 486.882 51.0098 4.329
875.171 279.51 549.492 68.5389 488.705 44.4348 4.662
875.8 253.821 549.097 59.619 490.545 38.9881 4.995
877.741 227.777 549.267 52.2326 492.266 34.6916 5.328
880.67 202.055 549.837 46.1974 493.818 31.7214 5.661
884.624 177.179 550.794 41.6405 495.188 30.0731 5.994
889.62 153.591 552.002 38.1446 496.407 29.0915 6.327
895.698 131.74 553.476 35.591 497.605 28.5406 6.66
902.761 112.283 555.482 34.0836 498.734 28.8579 6.993
911.007 95.985 558.341 33.5001 500.087 29.9993 7.326
920.728 83.2684 562.368 33.5349 501.71 30.9424 7.659
931.932 73.8963 568.1 33.6963 504.047 31.5032 7.992
944.426 66.8142 576.341 33.8542 507.211 31.6122 8.325
958.262 60.6502 587.829 34.1572 511.665 31.6839 8.658
972.97 54.5934 602.481 34.4496 517.668 32.1087 8.991
987.893 48.8963 619.839 34.7481 525.449 32.5031 9.324
1002.85 43.6358 639.483 34.8917 534.544 32.1552 9.657
1017.49 39.2156 660.702 35.0017 544.515 31.2116 9.99
1031.62 36.2879 683.089 35.1916 554.814 30.3431 10.323
1045.49 34.454 706.128 35.0297 565.452 29.7338 10.656
1059.1 33.1559 729.48 34.586 576.29 29.3857 10.989
1072.52 32.4253 753.025 34.1541 587.231 29.2655 11.322
1085.83 31.7808 776.691 33.6734 598.229 29.1305 11.655
1099.05 31.2483 800.394 33.3105 609.29 29.0238 11.988
1112.16 30.7723 824.135 33.0879 620.35 29.0759 12.321
1125.19 30.409 847.999 32.8514 631.388 29.0682 12.654
1138.16 30.2266 871.865 32.6122 642.434 29.0156 12.987
1151.07 30.0024 895.835 32.3825 653.473 28.9157 13.32
1163.92 29.9376 919.889 32.1994 664.524 28.884 13.653
1176.7 29.8545 943.95 31.995 675.504 28.9378 13.986
1189.49 29.6813 968.016 31.723 686.466 28.8308 14.319
1202.4 29.6775 991.843 31.3544 697.518 28.8278 14.652
1216.16 30.1064 1014.1 29.8477 709.332 29.2558 14.985
1232.36 31.1369 1031.9 27.1047 723.327 30.2213 15.318
1252.21 32.2765 1040.22 23.886 740.588 31.3105 15.651
1273.55 32.6952 1034.76 22.2178 759.154 32.0524 15.984
1292.64 32.6603 1018.76 21.5117 775.813 32.2336 16.317
1309.32 32.43 998.803 21.7875 790.322 32.0575 16.65
1325.13 31.9591 978.204 22.8999 804.059 31.4147 16.983
1340.79 31.2391 957.562 24.1838 817.723 30.5879 17.316
1356.35 30.7165 936.857 25.0562 831.317 30.0445 17.649
1371.83 30.5145 916.049 25.6397 844.864 29.7237 17.982
1387.34 30.4083 895.057 25.997 857.87 28.9628 18.315
1403.13 30.4559 873.566 26.6039 869.26 27.5561 18.648
1419.47 30.8848 851.181 27.3332 877.272 25.9321 18.981
1436.42 31.3203 827.928 28.159 880.401 24.7221 19.314
1453.52 31.485 804.432 28.7635 878.074 23.9466 19.647
1470.33 31.3709 781.329 29.0705 871.452 23.9141 19.98
1486.74 30.8984 758.744 29.0737 862.293 24.6296 20.313
1502.95 30.0742 736.435 28.7528 852.157 25.4421 20.646
1519.09 29.3861 714.221 28.4597 841.752 26.1472 20.979
1535.23 29.0922 692 28.2183 831.308 26.6913 21.312
1551.31 29.0034 669.864 28.004 820.857 26.9744 21.645
1567.44 28.8739 647.7 27.8267 810.333 26.9772 21.978
1583.55 28.9835 625.528 27.8046 799.802 27.1178 22.311
1599.63 28.9667 603.398 27.7781 789.275 27.2048 22.644
1615.72 28.8121 581.275 27.7674 778.739 27.311 22.977
1631.82 28.5086 559.196 27.8369 768.206 27.315 23.31
1647.94 28.3831 537.1 27.8527 757.661 27.416 23.643
1664.01 28.3659 515.059 27.8841 747.128 27.5729 23.976
1680.08 28.186 492.983 27.9055 736.601 27.5949 24.309
1696.18 28.1377 470.913 27.9206 726.073 27.6605 24.642
1711.92 27.7838 448.673 27.8692 715.519 27.7382 24.975
1726 26.6838 425.841 28.097 704.678 28.0463 25.308
1736.19 25.2811 401.66 28.528 693.248 29.0096 25.641
1739.93 23.9806 375.963 28.9829 681.157 30.0943 25.974
1736.04 23.494 349.825 29.3728 668.928 30.7659 26.307
1726.52 23.4222 324.585 29.5441 657.101 30.706 26.64
1714.17 23.8793 300.429 29.4699 645.787 30.3759 26.973
1701.01 24.9727 276.758 29.1468 634.595 29.7075 27.306
1687.68 25.8238 253.236 28.7893 623.411 28.993 27.639
1674.28 26.444 229.693 28.6159 612.225 28.7945 27.972
1660.83 26.6835 206.121 28.4333 601.046 28.488 28.305
1647.32 26.7514 182.573 28.2343 589.85 28.3624 28.638
1633.83 27.0466 159.177 28.1795 578.664 28.469 28.971
1620.27 26.9777 135.76 28.0394 567.491 28.4236 29.304
1606.59 26.9396 112.411 27.9295 556.347 28.4457 29.637
1592.67 27.1328 89.6327 27.26 545.003 28.7665 29.97
1577.4 27.4823 69.094 25.741 532.579 29.2915 30.303
1559.04 28.4103 54.4604 24.1957 517.639 30.4025 30.636
1537.31 29.1997 51.5193 23.1234 500.027 31.1286 30.969
1515.84 29.6815 62.0351 22.484 482.662 31.2656 31.302
1497.3 30.0358 80.2816 22.036 467.682 31.3289 31.635
1480.64 30.0896 100.818 22.5315 454.23 31.0926 31.968
1464.48 29.6355 121.514 23.7807 441.207 30.4345 32.301
1448.39 28.8882 142.229 24.7138 428.235 29.6792 32.634
1432.35 28.6118 162.931 25.3328 415.305 29.3699 32.967
1416.32 28.5709 183.752 25.639 402.354 29.1555 33.3
