50
288.455 62.1973 6.66
232.261 48.3892 13.32
218.879 55.9503 19.98
257.753 80.1281 26.64
263.617 98.3067 33.3
245.128 101.836 39.96
243.041 95.7984 46.62
273.709 72.4231 53.28
290.033 83.3668 59.94
295.912 121.44 66.6
274.124 119.192 73.26
265.277 122.423 79.92
268.9 122.727 86.58
273.451 107.418 93.24
254.445 133.886 99.9
265.132 119.137 106.56
280.917 112.239 113.22
268.873 116.414 119.88
278.603 104.341 126.54
280.138 127.614 133.2
264.759 117.085 139.86
251.33 112.578 146.52
250.346 77.3922 153.18
258.112 80.939 159.84
265.357 97.5129 166.5
257.703 109.611 173.16
290.719 88.2816 179.82
317.621 106.541 186.48
249.977 102.145 193.14
212.945 147.081 199.8
251.062 102.514 206.46
287.824 62.4061 213.12
314.543 88.4395 219.78
309.654 89.4364 226.44
325.169 102.453 233.1
319.523 95.5667 239.76
298.921 78.8182 246.42
314.96 87.0819 253.08
334.859 92.362 259.74
314.704 88.0464 266.4
366.935 116.066 273.06
345.652 107.589 279.72
308.215 85.5117 286.38
285.656 79.6987 293.04
275.327 82.6795 299.7
254.766 98.4547 306.36
278.708 92.2148 313.02
276.286 91.4285 319.68
317.487 98.7163 326.34
361.335 99.3232 333
