100
0.333 1135.4 418.321
0.666 1133.35 414.667
0.999 1131.52 409.732
1.332 1128.85 403.011
1.665 1124.63 394.051
1.998 1120.07 383.945
2.331 1115.95 373.661
2.664 1112.67 363.062
2.997 1111.3 352.59
3.33 1111.82 342.825
3.663 1113.88 333.713
3.996 1117.91 325.963
4.329 1123.96 319.557
4.662 1131.79 314.136
4.995 1140.76 309.666
5.328 1150.33 305.965
5.661 1160.23 302.614
5.994 1170.22 298.954
6.327 1180.41 294.115
6.66 1191.07 287.539
6.993 1201.87 278.823
7.326 1212.68 267.896
7.659 1223.09 255.119
7.992 1233.13 240.795
8.325 1243.09 225.621
8.658 1252.84 210.226
8.991 1262.71 194.81
9.324 1272.83 179.512
9.657 1283.24 164.423
9.99 1294.02 149.687
10.323 1305.13 135.285
10.656 1316.62 121.2
10.989 1328.5 107.409
11.322 1340.2 93.499
11.655 1350.55 78.467
11.988 1359.07 62.4865
12.321 1367.16 47.584
12.654 1377.3 37.0198
12.987 1390.07 32.7755
13.32 1403.69 31.9081
13.653 1415.76 32.1374
13.986 1422.9 32.7244
14.319 1418.87 33.6105
14.652 1398.78 34.2935
14.985 1369.46 34.0153
15.318 1339.51 33.5691
15.651 1310.7 33.3445
15.984 1282.66 33.2419
16.317 1254.92 33.1733
16.65 1227.35 33.1879
16.983 1199.91 33.1598
17.316 1172.61 33.2509
17.649 1145.38 33.3832
17.982 1118.3 33.461
18.315 1091.3 33.506
18.648 1064.45 33.5197
18.981 1037.7 33.4718
19.314 1011.12 33.5495
19.647 984.761 33.6293
19.98 958.68 33.644
20.313 932.743 33.7377
20.646 907.023 33.8073
20.979 881.616 33.8112
21.312 856.384 33.7581
21.645 831.316 33.6878
21.978 806.548 33.7731
22.311 782.099 34.0191
22.644 758.112 34.1145
22.977 734.6 34.1677
23.31 711.394 34.1123
23.643 688.583 33.9716
23.976 666.318 34.0042
24.309 644.528 34.0943
24.642 623.429 34.1659
24.975 602.882 34.1854
25.308 583.147 34.251
25.641 564.233 34.1946
25.974 546.199 34.1343
26.307 528.991 34.1106
26.64 512.831 34.2274
26.973 497.121 34.5349
27.306 480.251 35.3234
27.639 458.974 36.3687
27.972 432.116 36.5226
28.305 406.807 36.2143
28.638 389.401 36.0559
28.971 378.57 36.0553
29.304 371.754 35.7487
29.637 367.424 35.3463
29.97 365.38 34.861
30.303 365.661 34.4274
30.636 368.271 33.9542
30.969 373.211 33.5309
31.302 380.377 33.3843
31.635 389.536 33.3149
31.968 400.592 33.3235
32.301 413.541 33.3519
32.634 428.219 33.2296
32.967 444.237 33.1191
33.3 461.601 33.1468
