100
-0.771511 56.3393 1.62478 58.6065 0.333
-1.97925 57.3101 2.06903 59.3544 0.666
-2.21734 58.8885 3.51001 60.224 0.999
-1.63593 59.3831 4.59429 62.249 1.332
-1.04701 61.1105 4.79568 63.2964 1.665
-1.08792 62.1838 4.63722 64.1154 1.998
-1.66603 61.7549 4.52668 65.3161 2.331
-3.21741 60.318 3.65266 67.4125 2.664
-4.77055 58.3119 2.07087 69.1812 2.997
-5.77353 55.8155 -0.390725 71.379 3.33
-6.48171 53.48 -1.96743 72.5729 3.663
-7.23784 52.7957 -3.79795 72.5157 3.996
-8.60234 53.5671 -8.53724 71.7818 4.329
-9.26983 53.7187 -12.0698 70.6628 4.662
-8.12801 56.2126 -13.7022 66.9744 4.995
-5.49746 59.4145 -17.1212 63.1798 5.328
-4.6111 63.2498 -20.5488 58.1499 5.661
-4.80612 66.8214 -24.2459 52.263 5.994
-7.09752 68.4654 -27.3749 49.1119 6.327
-7.8659 68.8108 -30.3516 47.7421 6.66
-10.3172 68.8989 -31.573 47.129 6.993
-14.1015 70.6213 -30.6213 46.0954 7.326
-20.0151 71.9296 -28.8763 43.0691 7.659
-25.6482 70.6137 -26.7556 42.606 7.992
-30.9623 63.9577 -28.5886 46.9657 8.325
-37.4571 53.2664 -35.2267 49.4993 8.658
-40.9981 42.0296 -42.8527 52.1353 8.991
-43.2632 35.4591 -45.8686 52.5864 9.324
-46.7261 29.6182 -47.2126 52.6558 9.657
-47.9389 28.1774 -47.7417 52.391 9.99
-47.7859 28.0765 -47.7508 52.0821 10.323
-48.1434 29.0109 -47.4018 51.7494 10.656
-47.6201 29.2961 -47.8352 51.7862 10.989
-47.9229 28.6686 -47.7359 52.0486 11.322
-47.815 29.9494 -47.9837 51.6679 11.655
-48.5657 28.8364 -46.8611 51.0835 11.988
-53.0797 25.8546 -43.4646 49.3279 12.321
-61.3546 21.6847 -36.2944 45.5989 12.654
-73.7767 15.0419 -21.864 38.1503 12.987
-84.3531 10.657 3.79936 27.7059 13.32
-83.0388 10.7147 33.3969 21.544 13.653
-72.8362 15.2705 50.1226 23.7334 13.986
-64.4958 20.1801 57.0582 26.1486 14.319
-59.4003 23.6241 59.1553 26.4108 14.652
-58.5009 23.7695 58.8714 26.8127 14.985
-59.0246 23.2656 58.1557 25.8652 15.318
-58.3572 23.1634 58.6275 26.3569 15.651
-57.8945 23.9871 58.7116 26.9784 15.984
-56.5297 25.3417 59.4321 27.341 16.317
-56.2129 25.4421 59.3608 27.7516 16.65
-55.6086 26.2436 59.5726 28.0738 16.983
-54.9551 26.316 59.7633 29.2355 17.316
-53.876 27.4428 59.8542 29.9054 17.649
-53.4107 27.8381 59.5602 29.991 17.982
-53.7422 27.1166 59.7749 29.8426 18.315
-52.9423 27.6398 59.9875 30.7631 18.648
-52.0743 29.404 59.8525 31.1129 18.981
-50.7052 30.0208 60.395 31.8821 19.314
-50.1995 29.787 60.2606 32.2779 19.647
-49.585 30.7435 60.3767 32.6008 19.98
-48.6864 30.7609 59.9701 33.2916 20.313
-47.5508 31.0696 60.4493 34.3645 20.646
-46.9048 30.6583 59.399 34.8017 20.979
-45.8633 29.4925 59.0687 36.2481 21.312
-45.3533 26.9053 57.6627 39.4073 21.645
-44.8442 24.1018 50.5231 48.234 21.978
-38.7236 20.1475 36.9104 66.1194 22.311
-16.8179 44.6018 28.1796 73.1642 22.644
-3.83602 63.9838 38.9867 55.0261 22.977
1.61203 60.5753 54.6407 40.4681 23.31
10.9051 45.57 70.0086 31.0735 23.643
27.3208 31.5841 76.5511 24.0657 23.976
36.6317 28.7816 74.3992 20.2818 24.309
41.4223 23.4537 74.9826 16.2327 24.642
41.7648 21.1881 75.1936 13.7227 24.975
41.2052 22.2617 75.3729 14.9783 25.308
40.0451 22.7755 74.5332 16.408 25.641
45.5121 20.1563 70.929 17.0838 25.974
53.437 20.7308 62.8991 19.9636 26.307
66.058 21.0466 45.528 24.2924 26.64
80.0854 17.2344 15.5387 30.2643 26.973
82.417 13.9412 -22.4078 26.7189 27.306
72.4072 16.8004 -48.7112 27.6293 27.639
63.0094 18.414 -61.6616 19.2444 27.972
56.3944 20.7585 -66.092 18.777 28.305
51.5725 21.7296 -68.9577 15.795 28.638
49.0317 21.4236 -70.7293 15.8806 28.971
46.5364 22.7977 -71.7858 14.8893 29.304
43.8131 22.4699 -73.9123 15.2674 29.637
41.9813 22.013 -75.1233 13.6 29.97
39.9503 24.0476 -75.3076 14.7389 30.303
37.5103 24.5946 -76.4329 14.1565 30.636
36.6349 22.4915 -77.832 12.4923 30.969
34.877 24.1439 -78.1149 13.4989 31.302
33.5888 25.0767 -78.5456 13.4808 31.635
32.8286 22.4168 -79.4571 12.6899 31.968
32.1293 24.5492 -79.0738 14.686 32.301
30.9488 23.1456 -80.4164 11.661 32.634
28.3277 24.4264 -81.2764 12.6809 32.967
26.8594 23.9796 -81.2389 11.3243 33.3
