100
-0.516484 47.931 3.65308 55.5075 -0.794755 59.256 0.333
0.285695 45.0082 3.28851 58.6707 -0.412605 63.9381 0.666
0.684937 44.7103 2.98623 59.7663 -0.383717 64.4709 0.999
0.662795 45.1655 2.0994 61.0468 -0.163923 63.1943 1.332
-0.133996 46.0393 0.665569 62.6345 -0.00673709 60.9181 1.665
-1.6775 47.5359 -0.575855 63.5763 0.137581 58.4046 1.998
-3.99122 49.8425 -2.01027 63.7398 0.141312 55.4242 2.331
-6.80037 52.8946 -3.77302 63.0504 0.372214 51.9342 2.664
-9.82199 56.7004 -5.18831 61.7023 0.813849 47.6946 2.997
-12.1785 61.3137 -6.32359 58.9798 1.5056 43.8735 3.33
-13.3343 66.5169 -6.97889 54.8809 2.65231 40.016 3.663
-11.5118 72.1316 -6.69198 50.4729 4.15136 35.9789 3.996
-7.09191 78.3063 -4.91224 44.3202 5.15717 32.1075 4.329
-0.812007 84.1948 -2.35087 38.3287 5.62592 26.8852 4.662
3.92585 87.9299 -0.27223 32.17 5.36906 23.6284 4.995
7.22716 89.3487 1.04995 27.832 5.00043 21.6635 5.328
10.0791 89.2971 2.11144 25.6624 4.33033 19.7153 5.661
13.3128 88.1549 3.39935 23.6485 3.84567 19.6877 5.994
16.5965 85.7659 3.77717 23.2296 3.66306 20.1881 6.327
19.5 82.9972 5.08367 22.6012 3.5921 21.9072 6.66
22.8618 79.0603 7.02584 24.2242 3.49319 25.9615 6.993
26.6338 73.8769 10.0349 28.3714 4.41841 26.4429 7.326
31.0682 67.6903 13.8928 29.176 5.56905 30.0988 7.659
35.7282 61.3518 20.3878 30.46 8.35898 30.6764 7.992
39.2131 53.1651 29.0271 31.3339 11.0228 32.7895 8.325
43.1348 44.5502 39.0214 29.9941 15.2435 32.5726 8.658
44.495 38.3768 47.7555 26.3007 20.334 30.1268 8.991
45.0162 30.9952 55.7239 21.7332 25.4801 26.0171 9.324
44.7374 25.025 61.2631 16.251 28.6796 20.0814 9.657
43.3311 20.8131 65.7136 13.3512 30.6474 17.9587 9.99
41.8558 17.6173 68.1979 11.3521 31.3077 14.7411 10.323
41.4422 14.2672 69.8578 10.4965 32.3169 13.3961 10.656
40.6373 12.8651 70.4888 9.17783 32.8038 11.6223 10.989
40.1101 11.7996 70.9423 9.13046 32.9304 12.3351 11.322
39.8242 11.4596 71.2179 9.28034 33.1717 11.3834 11.655
39.5076 10.9038 71.1327 9.23242 33.1722 11.3601 11.988
39.3711 11.3245 71.6528 8.86623 33.2022 12.2126 12.321
39.0082 11.4659 71.5909 9.0056 33.1134 11.0623 12.654
38.9457 10.8737 71.8861 8.81577 33.2206 10.6564 12.987
38.5653 10.7956 71.8745 8.88047 33.0764 10.7461 13.32
38.515 11.4811 72.3856 9.20248 33.1673 11.327 13.653
38.3202 10.9584 72.1149 8.60855 32.8385 11.8723 13.986
38.5528 11.0641 72.4084 9.25896 33.0208 11.4623 14.319
39.3131 10.7651 69.5983 11.2404 33.6348 12.0823 14.652
43.6528 12.6519 60.6392 14.4679 37.5964 12.1751 14.985
53.551 12.3974 39.8261 19.4408 46.3556 12.3362 15.318
63.693 11.4269 2.74534 20.2766 55.3867 12.6731 15.651
62.359 11.2083 -37.7773 16.3421 54.1638 12.411 15.984
53.3219 11.3786 -58.0007 13.5729 46.5702 12.582 16.317
48.4313 12.0545 -62.2948 11.2197 42.0195 11.7099 16.65
47.1513 12.4058 -61.8675 10.3981 41.0044 12.5216 16.983
46.8575 11.913 -62.1085 9.83239 40.9337 12.7117 17.316
46.6958 11.9643 -62.3291 9.72295 40.8563 11.7353 17.649
46.3982 11.978 -62.588 10.0837 40.1207 11.6021 17.982
46.9016 11.5796 -63.5869 10.402 37.1281 13.3811 18.315
48.1425 11.5137 -65.6504 9.85026 29.6734 15.9281 18.648
50.0086 11.8023 -68.6123 10.6709 16.4142 16.7559 18.981
51.4989 12.2043 -70.5423 10.4384 0.152463 15.4034 19.314
51.0097 11.6358 -70.1764 10.4092 -14.9042 13.9675 19.647
49.8864 12.2275 -68.6301 10.3777 -25.0497 13.0477 19.98
48.9138 11.1543 -67.286 10.539 -29.6293 12.8878 20.313
48.537 11.1523 -66.8606 10.5854 -31.2076 11.6941 20.646
48.3431 11.1845 -66.6059 10.3278 -31.2925 11.3295 20.979
48.3682 11.0107 -66.5807 9.88081 -31.3357 12.1011 21.312
48.2276 11.0965 -66.3327 10.2057 -31.5188 11.0408 21.645
48.391 11.3364 -66.3803 9.9937 -31.5624 11.8824 21.978
48.345 11.2808 -66.6281 9.86453 -31.6844 11.7872 22.311
48.4027 10.9895 -66.5721 9.91663 -31.7042 12.4534 22.644
48.2987 11.598 -66.3579 10.3814 -31.6763 11.5608 22.977
48.416 11.0683 -66.468 9.72914 -31.6806 11.5537 23.31
48.3477 10.4298 -66.1874 9.66213 -31.6116 12.7065 23.643
48.1476 10.9211 -66.0952 9.38971 -31.5632 11.9171 23.976
48.4029 11.4461 -66.3106 10.3 -31.6353 11.3892 24.309
48.0436 11.7437 -66.3073 9.88152 -31.5982 11.9105 24.642
45.3815 12.215 -67.3204 9.88247 -31.8562 11.9408 24.975
37.1186 14.3801 -70.2112 10.2873 -33.2336 12.7856 25.308
20.9932 16.4124 -74.714 10.0322 -35.3151 13.5046 25.641
-1.64816 16.5606 -78.4196 9.13438 -36.6822 13.6185 25.974
-22.3768 14.4866 -77.5831 9.25756 -36.3838 12.5164 26.307
-34.6492 14.0502 -73.9944 9.52954 -34.6487 12.911 26.64
-39.1096 13.0665 -71.5377 10.03 -33.6958 12.6123 26.973
-39.9128 11.2312 -70.8551 9.72018 -33.5348 12.1234 27.306
-40.207 11.5666 -70.6575 9.8025 -33.6364 12.7384 27.639
-40.3059 11.2923 -70.7407 9.96423 -33.5044 12.5743 27.972
-40.5444 10.6309 -71.0029 9.13927 -33.6456 11.9408 28.305
-40.4805 12.1271 -70.3031 9.74254 -33.5743 12.3713 28.638
-40.5416 11.3171 -70.2798 9.18763 -33.5428 12.2429 28.971
-40.9584 11.4929 -70.2766 9.59861 -33.5409 11.3676 29.304
-41.2988 11.5056 -69.8191 10.1541 -33.5586 11.7576 29.637
-42.7345 11.6085 -65.4189 11.8694 -34.8445 12.0443 29.97
-49.0982 12.5022 -53.4276 15.0501 -39.9695 12.9457 30.303
-60.359 12.0775 -27.0233 17.7879 -49.0141 13.446 30.636
-67.4858 10.3005 15.1158 15.4085 -54.5458 11.4415 30.969
-60.5808 10.9709 48.6241 14.7994 -49.0159 11.5685 31.302
-52.3255 11.0301 61.1909 12.6962 -42.2223 12.1365 31.635
-48.8706 11.8508 62.5543 10.9348 -39.4792 11.9277 31.968
-48.4864 11.9586 62.1957 10.4086 -39.0779 12.0672 32.301
-48.1765 12.207 62.1368 10.7386 -38.8513 11.9036 32.634
-48.2368 12.4947 62.3124 9.91271 -38.8239 12.4472 32.967
-48.0126 10.8047 62.628 9.22021 -38.8896 12.0188 33.3
