100
0.333 93.9944 8.30878
0.666 97.6279 5.99397
0.999 98.557 4.85506
1.332 98.7127 4.56507
1.665 98.6495 4.73691
1.998 98.4383 5.07649
2.331 98.0178 5.60182
2.664 97.4233 6.29865
2.997 96.8215 6.82151
3.33 96.4545 7.0685
3.663 95.9917 7.53738
3.996 95.8174 7.65033
4.329 95.7535 7.70279
4.662 96.28 6.97613
4.995 96.5545 6.81322
5.328 96.2117 6.98376
5.661 95.3362 7.55117
5.994 94.1018 8.159
6.327 92.3697 8.5985
6.66 90.6541 8.95008
6.993 89.5081 9.15768
7.326 87.8197 8.90183
7.659 86.3779 8.20187
7.992 85.6178 8.03263
8.325 85.5768 7.86357
8.658 86.5661 8.2033
8.991 87.6338 8.14272
9.324 88.4316 8.40422
9.657 88.3284 8.29594
9.99 89.4512 8.21962
10.323 89.2994 8.07404
10.656 89.8595 7.77119
10.989 89.5547 7.80504
11.322 89.6825 7.60522
11.655 89.6966 7.73735
11.988 89.4302 7.51877
12.321 89.94 7.30649
12.654 89.5824 7.30215
12.987 89.6877 7.32308
13.32 89.4765 7.21902
13.653 90.0708 7.42911
13.986 89.6145 7.19439
14.319 90.0347 7.27561
14.652 88.5753 7.96128
14.985 86.3406 7.68718
15.318 85.0342 7.46107
15.651 88.1922 7.51568
15.984 93.4524 7.92826
16.317 93.7498 7.68625
16.65 91.3603 7.31313
16.983 89.982 7.36471
17.316 89.8594 7.35733
17.649 89.7491 7.42543
17.982 89.465 7.44977
18.315 89.3811 7.34257
18.648 89.0921 7.35435
18.981 89.2125 7.27871
19.314 89.8246 7.42181
19.647 90.1668 7.59211
19.98 90.5421 7.47051
20.313 90.2302 7.6131
20.646 90.1187 7.20421
20.979 89.7794 7.23811
21.312 89.8247 7.157
21.645 89.542 7.12688
21.978 89.7899 7.18166
22.311 89.9543 7.22269
22.644 90.0009 7.33907
22.977 89.7984 7.19075
23.31 89.7921 7.33446
23.643 89.5928 7.36841
23.976 89.3333 7.21144
24.309 89.75 7.24402
24.642 89.6011 7.23615
24.975 89.1077 7.45749
25.308 88.5035 7.42163
25.641 88.1571 7.12439
25.974 89.3713 7.3388
26.307 90.7679 7.55313
26.64 90.9746 7.40337
26.973 90.3146 7.50208
27.306 89.7234 7.44103
27.639 89.8938 7.19324
27.972 89.9091 7.25407
28.305 90.0445 6.95667
28.638 89.7205 7.32854
28.971 89.5458 7.20611
29.304 89.6727 7.32393
29.637 89.5986 7.23234
29.97 87.6513 7.61342
30.303 85.7706 7.51697
30.636 85.8344 7.16769
30.969 90.4208 7.52176
31.302 94.0645 7.87228
31.635 92.9487 7.46328
31.968 90.6089 7.23191
32.301 89.9515 7.21168
32.634 89.6991 7.17495
32.967 89.8282 7.55809
33.3 89.6381 7.14852
