50
16.113 7.41998 6.66
20.2681 8.41043 13.32
15.4968 7.79262 19.98
15.7963 9.60727 26.64
15.6182 8.61658 33.3
16.9402 8.51742 39.96
15.1054 7.15995 46.62
20.1657 8.32097 53.28
14.8002 9.82969 59.94
13.3548 6.24031 66.6
16.0627 9.25582 73.26
15.2566 8.20811 79.92
17.155 10.1622 86.58
18.0238 11.7776 93.24
18.3752 13.2442 99.9
17.4043 11.5746 106.56
14.941 6.8845 113.22
14.3617 6.97506 119.88
14.3747 7.39768 126.54
17.3056 10.3904 133.2
11.9277 6.07748 139.86
14.1094 10.4173 146.52
18.5083 10.318 153.18
15.6857 8.14639 159.84
13.6805 6.96725 166.5
17.3242 8.77436 173.16
20.2846 9.27161 179.82
16.5182 8.25723 186.48
17.9973 9.01539 193.14
13.0464 5.31724 199.8
19.9998 10.1479 206.46
15.0675 8.16273 213.12
14.5935 6.24445 219.78
14.0427 8.2682 226.44
13.0181 7.32728 233.1
13.4074 7.67373 239.76
14.6872 7.9253 246.42
17.2959 12.1609 253.08
13.0166 7.74958 259.74
14.096 6.78022 266.4
16.2695 8.45631 273.06
18.0014 9.12206 279.72
18.629 10.6802 286.38
13.1256 7.33013 293.04
12.6095 7.87818 299.7
13.9514 8.4696 306.36
11.9399 6.13409 313.02
13.5612 8.23503 319.68
20.6558 12.9243 326.34
14.613 8.44205 333
