250
0.333 575.548 297.836
0.666 567.96 295.524
0.999 555.762 292.105
1.332 540.142 288.344
1.665 522.661 285.17
1.998 504.788 283.161
2.331 486.986 282.306
2.664 469.465 282.482
2.997 451.725 282.478
3.33 434.616 281.866
3.663 418.692 280.175
3.996 403.721 276.416
4.329 389.271 269.609
4.662 374.236 259.682
4.995 356.905 247.747
5.328 337.875 236.837
5.661 318.799 228.745
5.994 301.743 223.496
6.327 289.579 219.857
6.66 284.526 216.856
6.993 285.12 215.43
7.326 288.926 218.043
7.659 294.643 224.873
7.992 302.28 235.124
8.325 313.015 247.552
8.658 326.736 261.876
8.991 342.254 278.49
9.324 359.333 296.862
9.657 377.836 316.118
9.99 396.548 335.696
10.323 413.763 354.279
10.656 427.452 369.235
10.989 434.62 377.626
11.322 433.418 377.079
11.655 424.139 367.403
11.988 408.785 351.21
12.321 390.884 332.725
12.654 372.99 314.11
12.987 355.883 296.441
13.32 340.138 280.448
13.653 325.944 265.994
13.986 313.504 253.346
14.319 303.038 242.631
14.652 294.854 234.289
14.985 288.965 228.598
15.318 285.892 225.255
15.651 285.189 224.797
15.984 287.295 227.1
16.317 292.087 231.856
16.65 299.34 239.121
16.983 308.567 248.81
17.316 319.957 260.454
17.649 333.405 274.051
17.982 348.236 289.395
18.315 364.415 306.175
18.648 382.102 324.258
18.981 400.635 343.504
19.314 419.912 363.43
19.647 439.807 383.932
19.98 460.364 405.312
20.313 481.305 427.309
20.646 502.908 449.543
20.979 524.875 472.151
21.312 546.783 495.065
21.645 568.938 518.218
21.978 591.481 541.847
22.311 614.724 565.816
22.644 638.868 590.293
22.977 662.782 615.072
23.31 684.473 637.534
23.643 701.607 654.588
23.976 710.281 663.958
24.309 708.886 663.963
24.642 701.516 656.391
24.975 689.783 644.455
25.308 675.159 629.461
25.641 659.307 612.976
25.974 643.354 596.136
26.307 627.763 579.787
26.64 613.01 564.38
26.973 599.504 550.15
27.306 587.087 537.246
27.639 575.874 525.668
27.972 566.105 515.561
28.305 557.712 506.786
28.638 550.666 499.45
28.971 545.316 493.649
29.304 541.214 489.633
29.637 538.656 487.062
29.97 537.836 486.034
30.303 538.441 486.692
30.636 540.561 488.966
30.969 544.325 492.807
31.302 549.514 498.182
31.635 555.984 504.926
31.968 563.861 513.131
32.301 572.97 522.801
32.634 583.378 533.395
32.967 594.911 545.301
33.3 607.236 558.395
33.633 619.917 571.533
33.966 631.219 583.272
34.299 638.433 590.773
34.632 639.47 592.215
34.965 637.26 590.046
35.298 635.514 588.162
35.631 634.995 587.318
35.964 633.21 584.96
36.297 624.648 577.326
36.63 607.21 560.093
36.963 584.871 536.562
37.296 560.219 511.007
37.629 535.15 484.528
37.962 509.876 458.032
38.295 484.886 431.725
38.628 460.295 405.766
38.961 435.845 380.335
39.294 411.707 355.465
39.627 388.209 331.052
39.96 365.271 307.413
40.293 342.976 284.532
40.626 321.544 262.314
40.959 300.96 241.097
41.292 281.698 221.521
41.625 264.073 203.556
41.958 248.151 187.446
42.291 234.381 173.86
42.624 223.956 163.134
42.957 216.496 155.974
43.29 213.031 152.525
43.623 213.827 153.159
43.956 218.482 157.653
44.289 226.802 166.022
44.622 238.161 177.534
44.955 251.841 191.269
45.288 266.509 205.979
45.621 280.489 220.176
45.954 291.284 231.159
46.287 296.175 236.313
46.62 297.348 237.479
46.953 297.698 237.871
47.286 298.494 238.708
47.619 300.493 240.44
47.952 303.43 243.498
48.285 307.305 247.751
48.618 312.586 252.983
48.951 318.896 259.372
49.284 325.942 266.911
49.617 334.075 275.306
49.95 343.006 284.422
50.283 352.727 294.397
50.616 363.136 305.251
50.949 374.298 316.677
51.282 386.061 328.816
51.615 398.157 341.797
51.948 410.923 355.035
52.281 424.094 368.562
52.614 437.516 382.795
52.947 451.36 397.35
53.28 465.533 412.005
53.613 479.804 427.028
53.946 494.335 442.066
54.279 509.306 457.404
54.612 524.643 473.32
54.945 540.529 489.583
55.278 556.759 506.379
55.611 573.173 523.792
55.944 589.72 540.995
56.277 605.719 557.774
56.61 620.491 573.017
56.943 632.289 585.354
57.276 640.799 594.436
57.609 646.946 601.131
57.942 648.517 602.967
58.275 645.069 599.306
58.608 638.68 592.441
58.941 630.849 584.346
59.274 622.885 575.759
59.607 614.622 567.103
59.94 605.588 557.896
60.273 595.633 547.501
60.606 584.549 535.792
60.939 571.595 522.452
61.272 557.245 507.406
61.605 541.319 491.021
61.938 524.643 473.669
62.271 507.433 455.813
62.604 490.094 437.795
62.937 472.827 419.92
63.27 455.96 402.056
63.603 438.902 384.571
63.936 422.084 367.248
64.269 405.607 349.93
64.602 389.215 332.901
64.935 373.018 316.195
65.268 357.151 299.807
65.601 341.502 283.747
65.934 326.498 268.07
66.267 311.795 252.953
66.6 297.503 238.419
66.933 284.074 224.421
67.266 271.379 211.382
67.599 258.983 199.163
67.932 247.26 187.172
68.265 234.848 174.479
68.598 218.863 158.559
68.931 197.401 137.035
69.264 172.024 112.495
69.597 146.376 88.6208
69.93 121.359 67.4261
70.263 98.4657 50.6341
70.596 84.3375 41.0243
70.929 84.6713 41.2236
71.262 91.9054 45.2842
71.595 95.8851 47.7695
71.928 94.361 47.493
72.261 91.2415 45.8674
72.594 90.3108 44.9724
72.927 90.2214 44.5634
73.26 88.9697 43.7751
73.593 88.4236 43.2923
73.926 88.5405 43.2231
74.259 88.2319 42.9033
74.592 87.5902 42.5486
74.925 87.8232 42.5582
75.258 88.3165 42.748
75.591 87.9589 42.6308
75.924 86.6768 42.1347
76.257 85.521 41.6127
76.59 85.7627 41.8798
76.923 86.2575 42.2503
77.256 86.3808 42.4399
77.589 86.2974 42.1856
77.922 86.559 42.3147
78.255 86.6914 42.3169
78.588 86.1367 42.0593
78.921 86.0768 42.0122
79.254 86.4109 42.2108
79.587 86.3986 42.2043
79.92 86.1651 42.0657
80.253 86.2772 42.1029
80.586 86.963 42.4585
80.919 86.8537 42.4894
81.252 86.5364 42.2823
81.585 87.1567 42.7164
81.918 87.0515 42.6912
82.251 86.6926 42.4736
82.584 86.7436 42.4202
82.917 87.0283 42.6183
83.25 86.6547 42.3686
