250
0.333 772.943 334.501
0.666 738.012 326.445
0.999 700.259 318.459
1.332 662.307 310.842
1.665 624.59 303.465
1.998 587.193 296.115
2.331 550.12 288.496
2.664 513.331 280.293
2.997 476.817 271.2
3.33 440.647 260.958
3.663 405.008 249.299
3.996 370.15 236.024
4.329 336.304 220.943
4.662 303.473 204.303
4.995 271.331 187
5.328 240.611 169.404
5.661 212.142 151.43
5.994 186.675 133.171
6.327 163.84 115.704
6.66 143.622 99.5552
6.993 126.641 85.0574
7.326 114.233 72.6749
7.659 106.649 62.8786
7.992 102.374 55.7201
8.325 98.4386 51.0425
8.658 93.7895 48.0457
8.991 89.1388 45.4553
9.324 85.4642 43.3948
9.657 82.6824 41.8189
9.99 80.2446 40.2264
10.323 78.5184 38.8759
10.656 77.3332 37.7358
10.989 76.115 36.7359
11.322 75.3024 35.8375
11.655 74.7861 35.0049
11.988 74.1739 34.259
12.321 73.6967 33.5745
12.654 73.101 32.9121
12.987 72.73 32.3062
13.32 72.2646 31.7202
13.653 71.8845 31.218
13.986 71.6021 30.6922
14.319 71.302 30.2399
14.652 71.0914 29.7949
14.985 70.8305 29.3945
15.318 70.638 29.0001
15.651 70.4863 28.6433
15.984 70.2412 28.3208
16.317 70.0828 28.0088
16.65 69.9293 27.7023
16.983 69.639 27.3854
17.316 69.4443 27.0817
17.649 68.8226 26.7089
17.982 68.6214 26.5153
18.315 68.5445 26.5863
18.648 68.144 26.4398
18.981 66.7707 25.877
19.314 66.2349 25.6724
19.647 66.5131 25.7206
19.98 66.5185 25.4923
20.313 65.9793 25.0403
20.646 65.7414 24.8226
20.979 65.7134 24.7214
21.312 65.2761 24.5256
21.645 64.9485 24.3695
21.978 64.6125 24.2999
22.311 64.6682 24.4276
22.644 64.7608 24.5658
22.977 64.8447 24.6051
23.31 64.865 24.5164
23.643 65.0471 24.446
23.976 65.034 24.3988
24.309 64.8181 24.2589
24.642 64.8956 24.2811
24.975 64.9235 24.2964
25.308 64.6435 24.1811
25.641 64.8703 24.2406
25.974 64.6125 24.1687
26.307 64.4259 24.0645
26.64 64.2721 23.9911
26.973 64.0249 23.9005
27.306 64.1288 23.9857
27.639 64.1282 24.0653
27.972 64.3584 24.1754
28.305 64.3377 24.1606
28.638 64.3374 24.1193
28.971 64.462 24.1326
29.304 64.1899 24.0224
29.637 64.0514 23.9336
29.97 64.1156 23.9429
30.303 64.1781 23.9523
30.636 64.0483 23.9126
30.969 64.117 23.9266
31.302 64.0104 23.9162
31.635 64.1347 23.9247
31.968 64.0028 23.8603
32.301 63.9446 23.8635
32.634 64.0106 23.8612
32.967 63.8935 23.8307
33.3 63.9545 23.8659
33.633 63.9096 23.8408
33.966 63.8903 23.8293
34.299 63.8925 23.8384
34.632 63.8925 23.8194
34.965 64.005 23.8669
35.298 63.9443 23.8327
35.631 63.8596 23.8175
35.964 63.8829 23.8302
36.297 63.93 23.8502
36.63 63.9525 23.8688
36.963 63.8632 23.811
37.296 63.7933 23.7803
37.629 63.8159 23.8045
37.962 64.0005 23.8962
38.295 63.9549 23.86
38.628 63.8234 23.8349
38.961 64.0576 23.8828
39.294 63.9524 23.8469
39.627 63.8728 23.8196
39.96 63.9272 23.8592
40.293 63.4251 23.6566
40.626 63.6956 23.8966
40.959 64.7197 24.5712
41.292 65.3048 25.0255
41.625 64.7288 24.8368
41.958 64.0958 24.6592
42.291 64.5939 24.7795
42.624 64.6759 24.6276
42.957 64.2898 24.272
43.29 64.1865 24.1654
43.623 64.2665 24.145
43.956 64.2422 24.1078
44.289 64.1575 24.0657
44.622 64.2358 24.0872
44.955 64.0877 24.0126
45.288 64.0746 24.019
45.621 63.8228 23.9193
45.954 63.6129 23.8453
46.287 63.4273 23.8685
46.62 63.5768 24.0008
46.953 63.6748 24.134
47.286 63.917 24.2241
47.619 64.0769 24.1917
47.952 63.909 24.055
48.285 63.9276 23.9994
48.618 63.7988 23.8976
48.951 63.682 23.8423
49.284 63.5855 23.8201
49.617 63.4974 23.7394
49.95 63.4804 23.7303
50.283 63.6087 23.7759
50.616 63.575 23.7689
50.949 63.5711 23.7681
51.282 63.539 23.7255
51.615 63.4736 23.73
51.948 63.5002 23.7141
52.281 63.5093 23.7211
52.614 63.5135 23.7203
52.947 63.6273 23.7817
53.28 63.5507 23.7769
53.613 63.405 23.7035
53.946 63.5686 23.7528
54.279 63.3254 23.6543
54.612 63.5289 23.7546
54.945 63.5038 23.7438
55.278 63.4117 23.6829
55.611 63.6046 23.7564
55.944 63.6586 23.7889
56.277 63.4807 23.7175
56.61 63.4536 23.7012
56.943 63.5244 23.7692
57.276 63.719 23.8089
57.609 63.3785 23.694
57.942 63.4677 23.694
58.275 63.5951 23.7815
58.608 63.4742 23.7348
58.941 63.6795 23.7958
59.274 63.6762 23.8285
59.607 63.4447 23.7162
59.94 63.6758 23.8122
60.273 63.5787 23.7844
60.606 63.5563 23.7664
60.939 63.4311 23.717
61.272 63.6423 23.7868
61.605 63.4332 23.7377
61.938 63.6592 23.7976
62.271 63.5411 23.7655
62.604 63.6402 23.77
62.937 63.5736 23.7715
63.27 63.2298 23.6209
63.603 63.0984 23.7085
63.936 63.9326 24.2918
64.269 64.8221 24.7825
64.602 63.9207 24.4548
64.935 62.7865 24.0647
65.268 62.9953 24.1945
65.601 63.403 24.3375
65.934 63.5154 24.2826
66.267 63.4698 24.1375
66.6 63.4477 23.94
66.933 63.2279 23.7987
67.266 63.3692 23.8062
67.599 63.1589 23.7181
67.932 63.1691 23.7425
68.265 62.8707 23.6037
68.598 62.7342 23.4992
68.931 62.6995 23.5112
69.264 62.6419 23.5262
69.597 62.5689 23.5603
69.93 62.8864 23.7376
70.263 62.8347 23.7774
70.596 63.1369 23.8559
70.929 63.1903 23.8103
71.262 63.1069 23.6958
71.595 62.9235 23.5872
71.928 62.9624 23.5785
72.261 63.0441 23.5896
72.594 62.8773 23.5592
72.927 62.7728 23.5308
73.26 62.939 23.5808
73.593 63.0555 23.6218
73.926 62.8528 23.5519
74.259 62.7724 23.5222
74.592 62.8276 23.5224
74.925 62.8597 23.5701
75.258 62.9884 23.6051
75.591 62.7259 23.4938
75.924 62.7073 23.495
76.257 62.8907 23.5819
76.59 62.7914 23.507
76.923 62.7224 23.5102
77.256 62.7471 23.5079
77.589 62.7873 23.5322
77.922 62.8773 23.5648
78.255 62.7908 23.5341
78.588 62.7418 23.521
78.921 62.5734 23.4727
79.254 62.7356 23.5236
79.587 62.8819 23.5619
79.92 62.6582 23.4942
80.253 62.6722 23.4646
80.586 62.54 23.4544
80.919 62.6687 23.4812
81.252 62.7464 23.5033
81.585 62.6878 23.4774
81.918 62.6297 23.4766
82.251 62.5384 23.4376
82.584 62.5986 23.4533
82.917 62.6538 23.4697
83.25 62.7499 23.5117
