100
748.362 403.589 466.26 230.845 0.333
748.275 400.913 467.677 225.123 0.666
748.066 396.929 470.022 216.229 0.999
748.05 392.029 473.529 205.372 1.332
748.266 386.748 477.964 193.409 1.665
748.934 381.186 483.424 180.715 1.998
750.37 374.91 489.302 167.587 2.331
752.095 367.406 495.149 154.238 2.664
753.644 359.357 501.018 140.342 2.997
754.461 351.144 506.054 125.876 3.33
754.468 343.4 509.337 110.831 3.663
753.911 336.831 509.614 94.8198 3.996
752.575 331.304 506.278 78.5235 4.329
750.889 326.432 499.742 63.6375 4.662
748.915 320.876 491.551 54.0292 4.995
746.608 314.31 482.045 52.3126 5.328
744.383 306.812 470.496 56.4547 5.661
742.559 297.382 455.445 61.5667 5.994
740.765 285.903 435.951 64.6547 6.327
738.463 272.169 413.073 65.1241 6.66
736.223 257.422 388.987 63.8966 6.993
733.975 242.743 364.242 62.0332 7.326
731.656 228.272 338.972 60.3398 7.659
729.168 214.236 313.588 58.9801 7.992
726.526 200.318 288 57.6912 8.325
723.737 186.246 262.369 56.3398 8.658
720.854 172.243 236.853 55.2144 8.991
718.059 157.995 211.447 54.1779 9.324
715.42 142.953 186.614 53.0586 9.657
713.134 126.208 163.116 51.616 9.99
711.346 107.282 141.799 49.9369 10.323
710.072 86.9478 122.933 48.4175 10.656
709.204 67.6895 104.579 48.0755 10.989
708.212 53.1328 84.2172 49.3685 11.322
706.191 47.2432 61.117 50.3693 11.655
701.917 50.6764 37.4402 50.6119 11.988
694.242 57.8517 14.7013 50.2832 12.321
680.321 64.2746 -4.09949 49.3326 12.654
657.804 67.7975 -12.4708 46.8769 12.987
631.821 68.1652 -4.00063 45.4128 13.32
611.848 66.5663 17.1149 44.6971 13.653
599.012 63.7174 43.4964 43.8208 13.986
590.573 61.2697 71.2801 43.236 14.319
584.443 60.031 99.5232 43.1654 14.652
579.276 58.9519 127.724 43.4799 14.985
574.858 57.676 155.688 43.9659 15.318
570.992 56.3986 183.726 44.5922 15.651
567.757 55.9855 212.084 44.7792 15.984
565.1 55.6125 240.487 44.8315 16.317
562.947 54.7796 268.979 44.883 16.65
561.344 53.9188 297.43 45.0357 16.983
560.414 53.9615 325.741 45.3216 17.316
559.891 54.0864 354.047 45.7294 17.649
560.057 53.6792 382.455 46.0692 17.982
560.852 54.0404 410.88 46.1167 18.315
561.896 53.9451 439.32 46.0612 18.648
563.234 53.9658 467.769 46.0231 18.981
565.169 53.6671 496.171 45.9217 19.314
568.318 53.4232 524.507 45.9667 19.647
571.978 53.6522 552.575 46.2103 19.98
576.17 53.9455 580.678 46.3146 20.313
580.919 53.7919 608.785 46.2644 20.646
586.156 53.7358 636.742 46.2998 20.979
591.767 53.6059 664.641 46.218 21.312
597.602 53.3804 692.538 46.2428 21.645
603.882 53.2023 720.421 46.18 21.978
610.196 52.9545 748.322 46.1431 22.311
616.693 53.151 776.055 46.2093 22.644
623.691 52.8162 803.652 45.8859 22.977
631.692 52.7416 830.613 45.2884 23.31
642.946 53.749 855.947 44.7579 23.643
659.518 53.9408 877.873 44.6164 23.976
683.154 53.1971 891.425 44.8436 24.309
711.149 52.7922 890.664 45.3767 24.642
736.201 52.6487 876.109 44.7243 24.975
755.973 52.8499 854.694 44.1574 25.308
771.516 53.2039 830.115 43.9625 25.641
784.739 53.5102 804.457 44.1679 25.974
796.75 53.2249 778.328 44.4899 26.307
807.89 53.0426 751.998 44.7682 26.64
818.531 53.1048 725.532 45.0055 26.973
828.675 53.045 698.881 45.0865 27.306
838.035 53.1836 671.951 44.8432 27.639
846.734 52.971 644.727 44.578 27.972
854.926 52.7753 617.47 44.3787 28.305
862.599 53.2917 590.165 44.4593 28.638
869.749 53.4397 562.576 44.5452 28.971
876.601 52.9866 534.966 44.4792 29.304
883.347 53.2278 507.486 44.5304 29.637
890.029 53.3645 479.735 44.5106 29.97
896.326 53.4148 452.064 44.4517 30.303
902.201 53.2027 424.276 44.4832 30.636
907.99 53.2784 396.503 44.64 30.969
913.569 53.463 368.569 44.6224 31.302
918.761 53.2473 340.654 44.6142 31.635
923.561 53.1297 312.602 44.5084 31.968
928.332 53.3388 284.599 44.5404 32.301
933.085 53.3275 256.473 44.4901 32.634
937.471 53.1021 228.287 44.5173 32.967
941.545 53.2632 200.088 44.5819 33.3
