250
892.189 475.976 544.029 268.098 460.3 235.641 0.333
890.938 463.679 544.858 250.405 460.292 217.398 0.666
889.358 450.161 545.383 231.235 459.936 197.948 0.999
887.685 436.231 545.842 211.904 459.538 178.608 1.332
885.911 421.869 546.249 192.681 459.287 159.751 1.665
883.998 406.906 546.566 173.714 459.271 141.629 1.998
881.837 391.103 546.791 155.206 459.484 124.476 2.331
879.299 374.221 546.9 137.407 459.899 108.499 2.664
876.334 356.075 546.865 120.592 460.453 93.9093 2.997
873.088 336.604 546.492 105.02 461.049 80.8717 3.33
869.963 315.834 545.732 90.9974 461.532 69.5177 3.663
867.519 293.886 544.496 78.7516 462.006 59.9656 3.996
866.344 270.889 542.962 68.444 462.512 52.2561 4.329
866.986 247.073 541.446 60.0118 462.961 46.2321 4.662
869.587 222.841 539.987 53.0986 463.473 41.3381 4.995
873.64 198.885 538.705 47.4684 464.082 37.4215 5.328
879.179 175.602 537.611 43.1061 464.711 34.7208 5.661
886.226 153.514 536.886 39.8503 465.353 32.9228 5.994
894.661 133.007 536.549 37.1816 465.84 31.655 6.327
904.74 114.325 536.538 34.9054 466.197 30.823 6.66
916.173 98.0285 536.708 32.9506 466.602 30.2948 6.993
928.735 84.8314 537.055 32.0912 467.355 30.3451 7.326
943.12 74.9947 537.843 32.591 468.438 31.019 7.659
960.229 67.878 538.953 33.6541 470.066 32.233 7.992
979.791 62.6031 540.831 33.8892 472.534 32.6776 8.325
1001.65 58.2948 543.657 33.2564 475.977 32.2032 8.658
1025.06 54.8566 547.429 32.0158 480.385 31.011 8.991
1049.96 52.3372 552.154 30.9318 485.892 29.8073 9.324
1076.16 50.264 557.446 30.2073 492.322 29.07 9.657
1103.07 48.3475 563.193 29.4899 499.384 28.5217 9.99
1130.26 46.7251 569.178 28.9992 506.832 28.3967 10.323
1157.53 45.3767 575.321 28.727 514.563 28.4697 10.656
1184.87 44.1085 581.573 28.4422 522.521 28.4578 10.989
1212.2 42.9609 587.872 28.3797 530.617 28.625 11.322
1239.52 41.9593 594.237 28.4865 538.829 28.8144 11.655
1266.82 41.0435 600.66 28.578 547.1 28.8058 11.988
1294.15 40.2412 607.173 28.6231 555.465 28.8795 12.321
1321.46 39.4413 613.668 28.646 563.919 28.8244 12.654
1348.71 38.7917 620.194 28.6963 572.464 28.8455 12.987
1375.95 38.1642 626.713 28.6595 581.117 28.811 13.32
1403.25 37.6425 633.253 28.4613 589.812 28.9453 13.653
1430.52 37.1236 639.799 28.4303 598.548 29.016 13.986
1457.67 36.5772 646.306 28.4704 607.309 29.0647 14.319
1484.8 36.1224 652.847 28.5894 616.137 29.0299 14.652
1511.99 35.7217 659.442 28.6314 625.043 28.9624 14.985
1539.09 35.362 666.076 28.6574 633.898 28.9451 15.318
1566.23 34.9963 672.729 28.7412 642.711 28.9446 15.651
1593.46 34.6509 679.367 28.7417 651.564 28.9041 15.984
1620.63 34.2667 685.981 28.78 660.388 28.9802 16.317
1647.76 33.8779 692.574 28.8081 669.22 29.0772 16.65
1674.88 33.4799 699.143 28.843 678.074 29.0061 16.983
1702.07 33.0603 705.72 28.9699 686.967 28.9857 17.316
1728.63 32.0246 712.584 29.1152 696.275 29.0901 17.649
1752.86 30.0331 720.971 29.8525 707.516 30.1232 17.982
1771.05 27.1379 732.893 30.9917 723.557 31.6264 18.315
1775.23 24.6796 748.845 31.7676 745.185 32.3687 18.648
1762.12 23.145 764.615 31.6647 766.541 31.9453 18.981
1739.73 22.4282 776.96 31.6146 783.2 31.8671 19.314
1715.04 22.5126 787.084 31.5867 796.896 32.1426 19.647
1690.36 23.45 796.627 31.1735 809.719 31.7887 19.98
1665.72 24.3785 806.14 30.4407 822.451 31.0518 20.313
1641.06 25.0171 815.628 30.0383 835.14 30.5933 20.646
1616.35 25.4523 825.15 30.0264 847.567 30.1724 20.979
1591.33 25.7254 834.794 30.1468 859.119 29.2532 21.312
1565.73 26.1309 844.58 30.4532 868.76 28.1258 21.645
1539.32 26.614 854.661 30.7763 875.043 26.8771 21.978
1512.22 27.0174 864.997 31.2834 876.701 25.9995 22.311
1485.07 27.4257 875.291 31.5696 873.578 25.399 22.644
1458.35 27.6656 885.369 31.5429 866.877 25.2977 22.977
1432.07 27.7087 895.229 31.1497 858.14 25.7173 23.31
1406.05 27.6128 904.938 30.7313 848.733 26.5078 23.643
1380.02 27.4684 914.658 30.2404 839.251 27.1761 23.976
1354.01 27.369 924.371 29.785 829.751 27.458 24.309
1328.02 27.3916 934.058 29.7146 820.199 27.6123 24.642
1302.1 27.4287 943.697 29.7352 810.612 27.593 24.975
1276.16 27.356 953.285 29.5748 801.036 27.4586 25.308
1250.25 27.4231 962.895 29.5821 791.518 27.676 25.641
1224.27 27.3851 972.479 29.3222 781.962 27.6579 25.974
1198.23 27.4657 981.701 28.8716 772.357 27.7891 26.307
1172.02 27.4736 990.084 28.3609 762.638 28.0961 26.64
1145.4 27.611 996.727 27.5716 752.75 28.4249 26.973
1118.4 27.8358 1000.73 26.8883 742.64 29.007 27.306
1091.15 28.0475 1001.41 26.1806 732.388 29.4788 27.639
1063.92 28.3212 998.94 26.0038 722.068 29.6683 27.972
1036.92 28.2886 994.184 26.1757 711.791 29.5195 28.305
1010.18 28.2441 988.006 26.4676 701.597 29.2836 28.638
983.628 28.1687 981.14 26.8562 691.444 29.1444 28.971
957.037 27.974 974.156 27.198 681.256 28.666 29.304
930.462 27.901 967.201 27.4536 671.075 28.2994 29.637
903.915 27.9096 960.2 27.5305 660.872 28.2928 29.97
877.366 27.8327 953.258 27.5987 650.725 28.3766 30.303
850.79 27.6835 946.361 27.6566 640.599 28.3031 30.636
824.163 27.6602 939.482 27.7457 630.454 28.3221 30.969
797.606 27.6406 932.64 27.7871 620.303 28.1756 31.302
770.996 27.6503 925.764 27.9686 610.098 28.1311 31.635
744.427 27.5586 918.889 27.918 599.874 28.0941 31.968
717.862 27.6013 912.034 27.8255 589.564 28.0792 32.301
691.262 27.6158 905.213 27.936 579.246 28.0292 32.634
664.692 27.551 898.401 27.9567 568.97 27.9258 32.967
638.184 27.5376 891.603 27.9857 558.723 27.9946 33.3
611.599 27.476 884.833 27.9489 548.425 28.0301 33.633
585.011 27.512 878.121 27.9563 538.088 27.9605 33.966
558.458 27.5492 871.398 27.9101 527.723 27.9764 34.299
531.963 27.5702 864.679 27.9414 517.382 27.9164 34.632
505.446 27.6096 857.965 27.9938 507.077 27.9737 34.965
478.852 27.6145 851.226 27.9863 496.757 27.8925 35.298
452.231 27.5462 844.467 27.9 486.446 27.943 35.631
425.635 27.5421 837.705 27.8554 476.156 28.0234 35.964
399.098 27.5681 830.949 27.8801 465.843 28.0355 36.297
372.519 27.5819 824.214 27.8794 455.517 28.056 36.63
345.979 27.5228 817.501 27.9357 445.157 27.9317 36.963
319.412 27.5607 810.834 27.8406 434.801 27.8966 37.296
292.838 27.5981 804.155 27.7553 424.501 27.9805 37.629
266.261 27.6164 797.431 27.9322 414.207 28.0358 37.962
239.662 27.5826 790.709 27.9789 403.898 27.955 38.295
213.091 27.5119 784.051 27.9124 393.543 27.9305 38.628
186.59 27.548 777.406 27.9608 383.204 28.1337 38.961
160.087 27.5109 770.737 27.8811 372.844 28.1145 39.294
133.557 27.5119 764.083 27.8249 362.454 28.0674 39.627
107.048 27.514 757.448 27.9426 352.03 28.0269 39.96
81.0828 26.8127 750.6 28.0138 341.225 27.9806 40.293
57.4213 25.4908 742.476 28.8686 328.485 28.7451 40.626
40.28 23.9939 731.222 30.2547 310.82 30.0057 40.959
37.6599 23.4243 716.442 30.9668 287.622 30.5444 41.292
51.9764 22.9508 702.186 30.7183 265.334 30.4661 41.625
74.6969 22.3434 691.05 30.4676 248.099 30.4294 41.958
99.2506 22.6573 681.776 30.6119 233.771 30.6263 42.291
123.73 23.6528 672.953 30.3377 220.141 30.1682 42.624
148.147 24.4841 664.238 29.6747 206.603 29.6036 42.957
172.671 25.0468 655.547 29.3765 193.126 29.273 43.29
197.24 25.418 646.895 29.4673 179.685 28.9392 43.623
221.837 25.611 638.265 29.4811 166.287 28.7116 43.956
246.495 25.7258 629.675 29.2881 152.923 28.6944 44.289
271.167 25.8989 621.137 29.1904 139.662 28.7346 44.622
295.849 25.8861 612.596 29.082 126.477 28.6597 44.955
320.63 25.9136 604.011 29.072 113.432 28.6331 45.288
345.583 26.0898 595.389 29.1026 100.993 28.1151 45.621
371.063 26.3955 586.606 29.4526 90.292 27.181 45.954
397.506 26.7025 577.512 29.9676 83.0374 26.0899 46.287
424.846 27.078 568.204 30.4897 80.6776 25.3291 46.62
452.33 27.4738 558.876 30.7264 83.7181 24.7974 46.953
479.377 27.7364 549.785 30.7252 90.7905 24.8612 47.286
505.787 27.8424 540.916 30.3331 100.043 25.4078 47.619
531.819 27.7228 532.093 29.741 110.227 25.9569 47.952
557.752 27.6007 523.26 29.3206 120.557 26.5554 48.285
583.73 27.4042 514.453 29.1117 130.887 26.7874 48.618
609.694 27.3442 505.705 29.0001 141.24 26.8066 48.951
635.596 27.3281 496.957 28.8739 151.603 26.8351 49.284
661.481 27.3079 488.2 28.6334 161.986 26.9732 49.617
687.329 27.2783 479.461 28.6106 172.369 27.0033 49.95
713.207 27.3357 470.724 28.6749 182.84 27.0476 50.283
739.135 27.3114 461.986 28.5791 193.331 27.1309 50.616
765.002 27.2702 453.281 28.4871 203.776 27.2639 50.949
790.89 27.29 444.613 28.4309 214.259 27.247 51.282
816.822 27.2892 435.934 28.376 224.825 27.2307 51.615
842.684 27.2414 427.299 28.4993 235.402 27.1739 51.948
868.561 27.1797 418.671 28.484 245.946 27.2653 52.281
894.449 27.1934 410.052 28.4795 256.512 27.2607 52.614
920.349 27.2626 401.431 28.4849 267.076 27.3449 52.947
946.311 27.1729 392.867 28.4649 277.674 27.3642 53.28
972.276 27.061 384.383 28.4144 288.26 27.327 53.613
998.248 27.0946 375.978 28.5662 298.897 27.3465 53.946
1024.28 27.0204 367.593 28.4385 309.619 27.2286 54.279
1050.26 27.1371 359.267 28.452 320.347 27.3781 54.612
1076.27 27.0881 350.934 28.4191 331.047 27.427 54.945
1102.21 27.1299 342.663 28.3239 341.751 27.3514 55.278
1128.1 27.2665 334.359 28.4483 352.482 27.3418 55.611
1154.05 27.215 326.052 28.5643 363.25 27.349 55.944
1180.01 27.1145 317.74 28.4611 374.053 27.3191 56.277
1205.98 27.0899 309.445 28.3897 384.884 27.3792 56.61
1231.88 27.0671 301.193 28.5192 395.69 27.3787 56.943
1257.8 27.0166 292.952 28.6419 406.474 27.5427 57.276
1283.79 26.9314 284.683 28.4086 417.362 27.4261 57.609
1309.69 27.0449 276.426 28.3701 428.234 27.4572 57.942
1335.61 26.9869 268.15 28.4981 439.067 27.5663 58.275
1361.53 26.9086 259.927 28.4998 449.885 27.4818 58.608
1387.46 26.9694 251.743 28.5385 460.727 27.6449 58.941
1413.39 26.9713 243.612 28.5087 471.589 27.6842 59.274
1439.33 26.9335 235.444 28.3477 482.468 27.5725 59.607
1465.27 26.976 227.306 28.4866 493.349 27.6948 59.94
1491.21 26.8815 219.185 28.5312 504.272 27.6174 60.273
1517.13 26.8983 211.197 28.5097 515.197 27.5898 60.606
1543.11 26.8638 203.296 28.3662 526.157 27.6064 60.939
1568.99 26.9454 195.477 28.4596 537.093 27.703 61.272
1594.94 26.9473 187.618 28.3173 548.069 27.5865 61.605
1620.9 27.0933 179.753 28.3357 559.043 27.7097 61.938
1646.83 27.0351 171.91 28.2433 570.013 27.7119 62.271
1672.78 27.041 164.102 28.2809 580.954 27.7833 62.604
1698.7 27.066 156.332 28.2767 591.901 27.6874 62.937
1724.28 26.6379 148.349 28.2783 603.016 27.6438 63.27
1747.93 25.4175 139.33 28.718 615.486 28.2211 63.603
1766.31 23.974 127.466 29.8749 631.816 29.4414 63.936
1772.39 23.6161 111.884 30.569 653.322 30.1835 64.269
1761.51 23.3437 96.7527 29.5877 675.881 30.2804 64.602
1740.23 22.7118 86.8473 28.0464 694.593 30.8818 64.935
1715.73 23.0985 82.6389 26.9815 710.517 31.793 65.268
1690.87 24.2854 83.6772 26.1142 725.743 32.0902 65.601
1666.4 25.468 89.1984 25.6073 740.777 31.6694 65.934
1642.44 26.1026 97.511 25.7323 755.488 30.9421 66.267
1618.76 26.254 107.09 26.3729 769.868 30.1656 66.6
1595.17 26.0601 116.99 27.0332 784.049 29.4549 66.933
1571.59 25.9435 126.838 27.5483 798.183 29.2342 67.266
1547.88 25.8041 136.658 27.6221 812.297 29.0245 67.599
1524.13 25.961 146.45 27.6467 826.305 28.8817 67.932
1500.36 26.0493 156.259 27.4594 840.232 28.5978 68.265
1476.48 26.1316 166.083 27.6802 853.839 28.1133 68.598
1452.24 26.3367 175.989 28.1083 866.273 27.4558 68.931
1427.17 26.6963 186.276 28.6665 876.01 26.4539 69.264
1401.03 27.0166 197.04 29.0425 881.201 25.6348 69.597
1374.26 27.3945 208.087 29.5551 880.651 25.112 69.93
1347.75 27.6928 218.966 29.6898 874.882 24.5743 70.263
1321.97 27.9372 229.539 29.687 865.657 24.725 70.596
1296.78 27.8316 239.864 29.4128 854.776 25.2132 70.929
1271.78 27.4566 250.086 28.9666 843.462 25.9713 71.262
1246.76 27.2258 260.288 28.5025 832.092 26.452 71.595
1221.85 27.1267 270.406 28.4123 820.784 26.692 71.928
1196.94 27.015 280.483 28.5572 809.435 26.7518 72.261
1172.02 26.7969 290.512 28.5248 798.074 26.7965 72.594
1147.06 26.6658 300.536 28.5153 786.721 26.8026 72.927
1122.08 26.757 310.486 28.5242 775.294 26.9184 73.26
1097.14 26.7905 320.401 28.5528 763.819 27.0087 73.593
1072.17 26.6687 330.285 28.4309 752.31 26.9915 73.926
1047.22 26.612 340.107 28.4123 740.788 26.9607 74.259
1022.26 26.6287 349.923 28.4275 729.255 26.9925 74.592
997.303 26.5756 359.696 28.5195 717.696 27.0058 74.925
972.379 26.5867 369.424 28.5894 706.106 27.0858 75.258
947.416 26.5005 379.21 28.458 694.438 26.956 75.591
922.565 26.5656 388.975 28.344 682.825 26.991 75.924
897.564 26.5662 398.732 28.4462 671.157 27.1332 76.257
872.593 26.4887 408.439 28.3996 659.543 27.1106 76.59
847.627 26.5438 418.206 28.3118 647.877 27.0702 76.923
822.669 26.5766 427.986 28.2877 636.228 27.0909 77.256
797.728 26.5734 437.771 28.4109 624.607 27.0219 77.589
772.833 26.5422 447.452 28.5626 612.954 27.0112 77.922
747.828 26.5058 457.035 28.4668 601.29 27.0344 78.255
722.827 26.5107 466.587 28.4378 589.636 26.9975 78.588
697.825 26.4966 476.093 28.2858 578.006 26.9551 78.921
672.835 26.5385 485.585 28.3679 566.347 27.0377 79.254
647.795 26.5032 495.054 28.4352 554.694 27.1875 79.587
622.75 26.4661 504.537 28.2872 543.031 27.0909 79.92
597.707 26.4723 514.036 28.2085 531.34 27.1701 80.253
572.684 26.5024 523.53 28.1655 519.634 27.0287 80.586
547.734 26.5704 533.055 28.2218 507.91 27.0635 80.919
522.774 26.5487 542.473 28.2591 496.166 27.1451 81.252
497.745 26.4633 551.859 28.2608 484.384 27.1481 81.585
472.799 26.4608 561.194 28.2577 472.606 27.0863 81.918
447.795 26.4117 570.508 28.1598 460.794 27.1141 82.251
422.772 26.4463 579.828 28.1702 448.973 27.1456 82.584
397.779 26.4299 589.097 28.2412 437.153 27.1584 82.917
372.74 26.37 598.351 28.2907 425.325 27.2936 83.25
