100
0.333 935.571 343.983
0.666 935.035 340.233
0.999 934.102 335.087
1.332 933.392 329.321
1.665 933.185 323.263
1.998 933.886 316.886
2.331 935.331 310.275
2.664 936.954 302.843
2.997 938.566 294.83
3.33 939.353 286.469
3.663 938.864 278.184
3.996 936.612 270.726
4.329 932.17 263.958
4.662 926.082 257.983
4.995 919.16 252.037
5.328 911.435 246.178
5.661 902.621 240.974
5.994 891.909 235.686
6.327 878.543 229.933
6.66 863.038 222.351
6.993 847.381 213.613
7.326 832.014 204.734
7.659 817.077 195.852
7.992 802.756 187.034
8.325 789.054 177.857
8.658 776.058 168.012
8.991 763.917 157.723
9.324 752.781 146.757
9.657 742.835 134.529
9.99 734.4 120.07
10.323 727.684 102.958
10.656 722.607 84.0149
10.989 718.658 65.8129
11.322 714.989 52.0414
11.655 710.66 46.6063
11.988 704.764 50.2669
12.321 696.232 57.6604
12.654 682.116 64.3153
12.987 659.571 67.9785
13.32 633.454 68.2515
13.653 613.738 66.3781
13.986 602.261 62.997
14.319 596.572 59.8516
14.652 594.636 57.9123
14.985 595.038 56.2957
15.318 597.476 54.6093
15.651 601.786 53.0069
15.984 608.058 52.2752
16.317 616.122 51.6492
16.65 625.87 50.6173
16.983 637.214 49.6448
17.316 650.146 49.4747
17.649 664.387 49.3267
17.982 680.129 48.6128
18.315 697.192 48.4625
18.648 715.15 48.1881
18.981 734.002 48.0789
19.314 753.871 47.6487
19.647 775.133 47.2133
19.98 797.058 47.0172
20.313 819.764 46.9241
20.646 843.173 46.6841
20.979 867.101 46.743
21.312 891.503 46.5532
21.645 916.283 46.3656
21.978 941.553 46.0669
22.311 967.031 45.9131
22.644 992.678 46.0647
22.977 1018.64 45.9704
23.31 1044.83 45.9608
23.643 1071.83 45.8904
23.976 1099.3 45.5308
24.309 1124.32 45.5265
24.642 1140.93 46.2791
24.975 1145.51 46.3148
25.308 1142.18 46.4971
25.641 1134.41 47.0741
25.974 1124.94 47.9169
26.307 1114.94 48.2969
26.64 1104.82 48.8344
26.973 1094.9 49.3152
27.306 1085.14 49.4866
27.639 1075.27 49.5837
27.972 1065.36 49.3802
28.305 1055.7 49.2853
28.638 1046.27 50.06
28.971 1036.94 50.5839
29.304 1028.04 50.3314
29.637 1019.85 50.7411
29.97 1012.18 51.0786
30.303 1004.97 51.2839
30.636 998.077 51.2768
30.969 991.879 51.6377
31.302 986.2 52.0544
31.635 980.964 51.9862
31.968 976.109 51.9531
32.301 972.056 52.283
32.634 968.762 52.4403
32.967 965.932 52.3918
33.3 963.631 52.7392
