250
0.333 1230.45 379.196
0.666 1221.54 367.861
0.999 1212.01 355.359
1.332 1202.86 342.556
1.665 1194.21 329.612
1.998 1186.06 316.524
2.331 1178.29 303.197
2.664 1170.76 289.455
2.997 1163.4 275.114
3.33 1156.17 260.103
3.663 1149.27 244.382
3.996 1143.11 227.978
4.329 1138.26 210.825
4.662 1135.22 192.941
4.995 1134.14 174.599
5.328 1134.72 156.316
5.661 1136.96 138.451
5.994 1140.92 121.384
6.327 1146.42 105.393
6.66 1153.58 90.8325
6.993 1162.17 78.2466
7.326 1172.13 68.264
7.659 1184.1 61.2161
7.992 1198.78 56.3556
8.325 1216.18 53.0285
8.658 1236.28 50.7599
8.991 1258.49 49.0813
9.324 1282.84 47.876
9.657 1308.95 46.9403
9.99 1336.13 45.944
10.323 1363.87 44.9638
10.656 1391.9 44.0974
10.989 1420.17 43.2846
11.322 1448.53 42.5001
11.655 1477 41.7919
11.988 1505.52 41.1127
12.321 1534.17 40.4912
12.654 1562.84 39.8319
12.987 1591.54 39.224
13.32 1620.29 38.622
13.653 1649.12 38.1029
13.986 1677.97 37.571
14.319 1706.74 37.0385
14.652 1735.54 36.5929
14.985 1764.45 36.1906
15.318 1793.29 35.855
15.651 1822.19 35.4979
15.984 1851.16 35.1405
16.317 1880.09 34.7251
16.65 1909 34.3379
16.983 1937.9 33.9876
17.316 1966.88 33.6036
17.649 1995.59 32.9215
17.982 2023.51 31.8965
18.315 2049.16 30.1715
18.648 2066.26 27.6016
18.981 2068.62 25.405
19.314 2060.49 24.9285
19.647 2048.85 25.5455
19.98 2037.01 26.4775
20.313 2025.5 27.0669
20.646 2014.32 27.4313
20.979 2003.38 27.6891
21.312 1992.22 27.6984
21.645 1980.2 27.9525
21.978 1966.53 28.1351
22.311 1950.7 28.2711
22.644 1932.95 28.4882
22.977 1914.09 28.5731
23.31 1894.8 28.4265
23.643 1875.59 28.305
23.976 1856.62 28.1728
24.309 1837.91 28.0542
24.642 1819.46 28.1364
24.975 1801.31 28.197
25.308 1783.42 28.0948
25.641 1765.9 28.2237
25.974 1748.6 28.1046
26.307 1731.36 27.934
26.64 1713.79 27.7966
26.973 1695.17 27.6172
27.306 1674.93 27.4202
27.639 1652.7 27.1792
27.972 1628.74 27.1683
28.305 1603.7 27.1852
28.638 1578.12 27.2925
28.971 1552.37 27.469
29.304 1526.63 27.5561
29.637 1501.05 27.6339
29.97 1475.59 27.6341
30.303 1450.34 27.7085
30.636 1425.26 27.7183
30.969 1400.32 27.7612
31.302 1375.62 27.8319
31.635 1351.02 27.9456
31.968 1326.62 27.8369
32.301 1302.41 27.7569
32.634 1278.41 27.8962
32.967 1254.68 27.8534
33.3 1231.24 27.8845
33.633 1208.01 28.0156
33.966 1185.08 28.0728
34.299 1162.43 27.99
34.632 1140.12 27.9457
34.965 1118.15 27.9538
35.298 1096.45 27.9379
35.631 1075.09 27.8626
35.964 1054.13 27.8242
36.297 1033.59 27.8218
36.63 1013.48 27.8083
36.963 993.84 27.8153
37.296 974.714 27.8035
37.629 956.118 27.8056
37.962 938.033 27.9589
38.295 920.508 27.9766
38.628 903.633 27.9758
38.961 887.45 28.0327
39.294 871.906 27.9349
39.627 857.071 27.9424
39.96 843.001 28.0017
40.293 829.402 28.0865
40.626 814.831 28.81
40.959 796.501 29.9149
41.292 773.924 30.2857
41.625 753.433 30.0934
41.958 739.008 30.0625
42.291 728.551 30.346
42.624 719.805 30.1328
42.957 712.273 29.4496
43.29 705.942 29.1101
43.623 700.83 29.199
43.956 696.953 29.1846
44.289 694.364 28.9367
44.622 693.082 28.8692
44.955 693.047 28.6508
45.288 694.277 28.5655
45.621 696.861 28.6082
45.954 701.006 29.0014
46.287 707.003 29.4109
46.62 715.038 29.7415
46.953 724.825 29.9212
47.286 736.034 29.8932
47.619 748.257 29.5312
47.952 761.311 28.9388
48.285 775.201 28.4747
48.618 789.974 28.138
48.951 805.567 27.9737
49.284 821.862 27.8644
49.617 838.845 27.7081
49.95 856.471 27.6489
50.283 874.764 27.6495
50.616 893.679 27.6409
50.949 913.103 27.5208
51.282 933.08 27.4262
51.615 953.584 27.4237
51.948 974.503 27.4324
52.281 995.851 27.348
52.614 1017.61 27.2555
52.947 1039.75 27.3054
53.28 1062.31 27.263
53.613 1085.22 27.1493
53.946 1108.49 27.1622
54.279 1132.12 27.0366
54.612 1155.99 27.0944
54.945 1180.11 27.0766
55.278 1204.42 27.1176
55.611 1228.91 27.2007
55.944 1253.66 27.1995
56.277 1278.62 27.0375
56.61 1303.78 26.9835
56.943 1329.06 26.9388
57.276 1354.51 26.8664
57.609 1380.19 26.7196
57.942 1405.93 26.8189
58.275 1431.82 26.7852
58.608 1457.84 26.7229
58.941 1484.01 26.7751
59.274 1510.3 26.7737
59.607 1536.71 26.776
59.94 1563.22 26.8661
60.273 1589.85 26.7437
60.606 1616.57 26.7621
60.939 1643.45 26.7376
61.272 1670.33 26.7678
61.605 1697.34 26.7485
61.938 1724.45 26.8605
62.271 1751.59 26.8771
62.604 1778.82 26.9537
62.937 1806.08 26.9073
63.27 1833.12 26.499
63.603 1858.79 25.5587
63.936 1880.7 24.375
64.269 1892.76 23.9454
64.602 1889.67 23.9716
64.935 1876.19 23.8649
65.268 1859.32 24.7618
65.601 1842.38 26.2755
65.934 1826.24 27.4056
66.267 1810.92 27.7591
66.6 1796.13 27.557
66.933 1781.72 27.1156
67.266 1767.67 26.9562
67.599 1753.85 26.852
67.932 1740.33 27.0718
68.265 1727.14 27.1324
68.598 1714.1 27.0628
68.931 1700.56 27.1786
69.264 1685.35 27.1905
69.597 1667.25 27.153
69.93 1645.89 27.2603
70.263 1622.14 27.0998
70.596 1597.24 27.1396
70.929 1572.05 27.1638
71.262 1546.91 27.018
71.595 1521.86 26.9597
71.928 1497.08 26.9667
72.261 1472.43 26.9608
72.594 1447.92 26.842
72.927 1423.56 26.7604
73.26 1399.31 26.7803
73.593 1375.26 26.8123
73.926 1351.35 26.7699
74.259 1327.64 26.7184
74.592 1304.15 26.7755
74.925 1280.87 26.7534
75.258 1257.82 26.8253
75.591 1234.97 26.788
75.924 1212.52 26.8598
76.257 1190.21 26.8145
76.59 1168.23 26.7807
76.923 1146.57 26.8429
77.256 1125.28 26.962
77.589 1104.38 26.9702
77.922 1083.84 27.0506
78.255 1063.58 26.9704
78.588 1043.73 27.018
78.921 1024.31 27.0841
79.254 1005.36 27.1601
79.587 986.869 27.2405
79.92 968.892 27.2138
80.253 951.475 27.1938
80.586 934.642 27.2287
80.919 918.487 27.3563
81.252 902.904 27.4892
81.585 887.923 27.4769
81.918 873.677 27.4581
82.251 860.119 27.4288
82.584 847.34 27.5309
82.917 835.365 27.6444
83.25 824.212 27.8465
