100
0.343547 58.3212 3.945 57.6164 0.333
-0.298039 56.7955 4.85876 60.4512 0.666
-0.428243 56.3762 8.80664 62.6464 0.999
0.389851 55.6238 11.8589 65.0207 1.332
1.04253 55.2796 15.0069 65.7416 1.665
2.95041 55.4905 17.2123 66.3149 1.998
5.18295 58.1578 17.6097 63.762 2.331
5.10947 62.25 17.6757 61.1427 2.664
3.88945 64.1547 17.1319 60.5993 2.997
1.08368 66.1984 13.607 60.928 3.33
-0.911378 66.6989 6.20172 62.5318 3.663
-2.94481 63.3685 -4.02199 65.313 3.996
-4.32517 58.3986 -15.0249 66.4455 4.329
-5.42655 54.6343 -23.0344 65.8404 4.662
-6.39196 55.7111 -26.1555 62.4354 4.995
-7.15108 54.7433 -30.6255 58.2517 5.328
-6.32842 55.66 -38.4569 52.8212 5.661
-5.35592 55.6864 -51.6457 41.0359 5.994
-6.28412 51.459 -64.1501 30.4581 6.327
-6.90571 49.559 -71.2331 21.4928 6.66
-6.59728 49.2902 -72.989 16.9188 6.993
-6.81754 47.3041 -75.3136 14.1858 7.326
-7.04167 46.6733 -75.967 12.5378 7.659
-7.61907 45.5258 -76.5123 12.5319 7.992
-8.0842 45.012 -77.11 12.1087 8.325
-8.58992 45.2958 -76.9593 11.5515 8.658
-8.7361 45.9848 -76.5644 12.1904 8.991
-8.10548 47.2463 -75.8375 12.284 9.324
-7.58638 51.7651 -73.4362 12.5499 9.657
-6.04295 58.8607 -67.8273 14.277 9.99
-4.62405 66.9985 -60.2279 15.7134 10.323
-3.14313 70.0872 -53.9775 17.3123 10.656
-2.03539 65.4371 -55.7261 20.0125 10.989
-3.88435 53.2307 -63.1569 22.1273 11.322
-7.98136 41.897 -68.3292 27.6426 11.655
-15.9766 39.9707 -66.4466 25.9324 11.988
-30.133 39.9242 -59.6395 28.2421 12.321
-52.9992 36.1987 -40.5616 33.2443 12.654
-77.9073 23.7933 2.43762 34.5271 12.987
-72.5484 17.4566 52.5698 27.114 13.32
-49.1894 21.2369 78.7721 21.8149 13.653
-31.1153 23.9337 85.7406 17.296 13.986
-21.7565 26.7366 86.529 14.7736 14.319
-16.7917 26.9059 85.6886 12.8591 14.652
-14.5035 26.3345 84.7287 11.1165 14.985
-12.4047 26.0976 83.9495 11.6548 15.318
-11.1069 26.8319 84.7366 11.419 15.651
-8.80403 25.6057 85.1151 10.1467 15.984
-7.40724 25.1168 85.2658 10.7569 16.317
-5.65867 25.4859 85.6233 9.8084 16.65
-3.73335 26.8346 85.3269 10.2138 16.983
-2.43342 25.7864 84.7608 14.0727 17.316
-0.665485 24.9037 85.3637 12.8544 17.649
1.58706 25.787 85.2848 10.0643 17.982
2.39458 25.7034 85.4064 9.62909 18.315
3.50437 25.2733 85.5432 9.45858 18.648
4.58344 25.3557 85.5863 10.0387 18.981
7.33143 24.6221 85.3551 10.5741 19.314
10.5066 23.853 84.5997 12.653 19.647
11.3782 24.708 84.2162 12.7862 19.98
13.2696 24.6748 84.4951 10.0455 20.313
14.8648 24.7914 84.1647 10.4512 20.646
16.4829 25.4863 83.7372 11.0644 20.979
16.9773 24.7536 83.8666 10.7744 21.312
18.4281 24.2812 83.3972 11.557 21.645
18.9803 23.8584 84.2285 10.2141 21.978
19.0732 24.485 83.4988 11.2442 22.311
20.4519 23.3092 83.1972 10.7643 22.644
21.6145 25.076 81.4166 12.0825 22.977
26.7951 25.6804 77.2243 14.7701 23.31
40.2713 22.8939 69.5935 16.2912 23.643
59.1389 19.3198 53.2698 20.9287 23.976
79.8297 14.5881 18.426 25.1861 24.309
83.3075 10.2635 -28.5017 24.6174 24.642
67.2264 16.2395 -60.2322 23.2742 24.975
53.0409 19.1899 -73.0367 17.177 25.308
42.6467 21.7886 -77.682 17.9994 25.641
37.5505 21.7378 -78.922 13.5665 25.974
34.8346 22.8714 -79.045 13.0031 26.307
32.4398 23.5453 -79.1703 12.4738 26.64
31.5417 23.8889 -79.458 12.7076 26.973
29.3468 24.6135 -80.2856 12.9653 27.306
26.8029 23.512 -81.8817 12.6402 27.639
25.3097 24.9598 -81.6313 11.2933 27.972
23.7579 24.744 -81.6787 11.4466 28.305
22.4342 25.8223 -82.6309 11.6821 28.638
21.0815 24.2888 -83.0573 10.9775 28.971
20.026 26.2224 -82.59 10.4508 29.304
20.2628 25.413 -82.4836 11.587 29.637
20.1539 25.3373 -83.1869 11.5524 29.97
17.9962 25.1113 -83.2616 11.0652 30.303
17.2962 25.044 -83.5552 11.381 30.636
17.0399 25.8283 -83.5415 10.8883 30.969
16.1928 26.2476 -84.0969 10.3395 31.302
15.0603 25.6909 -83.9078 10.3763 31.635
14.3843 26.212 -84.3798 10.3939 31.968
14.485 25.398 -83.9307 11.6642 32.301
14.2109 24.3563 -84.4426 10.0972 32.634
12.4694 24.8332 -84.6161 10.3781 32.967
11.7572 23.5963 -84.8584 9.75256 33.3
