100
-1.87072 46.9576 -1.10073 56.9769 -0.77278 58.7543 0.333
0.228668 46.5522 -0.532735 59.6162 -1.24522 62.3904 0.666
1.55155 47.085 -0.332426 59.9946 -1.20913 62.9491 0.999
2.30949 47.9231 0.37579 60.7742 -0.755505 61.8624 1.332
3.02812 49.3715 1.11021 61.5669 -0.2341 59.7743 1.665
3.77436 51.63 1.68239 61.898 0.0673991 57.0268 1.998
4.44384 54.8548 2.24751 61.3123 0.450104 53.7829 2.331
5.01278 59.1883 2.75881 59.2997 1.00663 50.2452 2.664
5.16388 64.8598 3.14137 55.9734 1.89017 46.2688 2.997
4.98067 70.3495 3.26549 52.0248 3.0818 41.7674 3.33
4.48844 75.1759 2.42873 47.6889 3.94019 37.6629 3.663
3.92263 79.0214 1.42759 43.2288 4.30675 33.2795 3.996
2.77607 81.4402 -0.213621 39.4989 4.94563 30.1877 4.329
0.761048 82.115 -1.40148 36.5288 4.87605 29.4941 4.662
-2.29628 82.0569 -3.08077 34.0136 5.09824 29.3636 4.995
-5.86578 81.2255 -4.3396 32.7881 5.58426 29.4745 5.328
-10.9116 79.9356 -6.41664 32.4198 5.82935 28.0831 5.661
-17.005 77.2443 -8.45902 31.1407 5.82664 29.5349 5.994
-22.998 73.8325 -10.8546 30.513 6.73671 31.4679 6.327
-26.7753 70.1283 -13.2541 34.4375 7.75216 30.6332 6.66
-31.8986 65.9871 -16.7041 33.196 9.73736 31.9505 6.993
-36.7633 60.2177 -21.3594 32.3465 12.5115 33.3691 7.326
-41.4461 54.5984 -27.2702 30.9187 14.8857 32.8537 7.659
-46.6081 47.3935 -33.076 30.8894 18.7175 29.53 7.992
-51.4222 39.358 -38.3865 27.6145 23.8648 27.5726 8.325
-54.7525 31.174 -44.1113 23.3997 27.9662 23.2545 8.658
-56.5311 23.4342 -49.3193 19.7344 31.5831 21.2398 8.991
-57.2013 17.7423 -52.0239 16.4617 34.2596 16.572 9.324
-57.4706 14.8977 -53.6755 13.0273 35.8224 14.5885 9.657
-57.1357 12.8628 -54.5848 12.0459 36.7673 13.1462 9.99
-56.4683 12.3865 -55.1694 11.3543 37.2258 12.2541 10.323
-56.0376 10.9687 -55.8328 10.0742 37.6789 11.7053 10.656
-55.7702 11.2399 -56.35 10.298 37.9628 11.451 10.989
-55.5011 10.9909 -56.9638 10.3478 38.2438 10.4776 11.322
-55.0144 11.3148 -56.9031 10.1997 38.2726 10.6166 11.655
-54.9434 10.9612 -57.1049 10.1344 38.6508 11.213 11.988
-54.8144 10.4047 -57.2774 10.1152 38.8162 10.7857 12.321
-54.6908 10.6086 -57.3802 10.4316 38.9635 10.8748 12.654
-54.7609 10.4266 -57.4935 9.48126 38.9805 10.7983 12.987
-54.5921 10.5554 -57.4552 10.8636 39.0282 10.4273 13.32
-54.394 10.5959 -57.2868 10.6191 38.9919 10.8392 13.653
-54.5863 10.5134 -57.417 10.069 38.8867 11.3903 13.986
-54.4729 10.7896 -57.4033 10.0961 39.0214 11.0653 14.319
-54.5822 10.586 -57.6731 10.5801 39.0458 11.0253 14.652
-54.4471 10.3507 -56.8995 11.6265 38.9285 11.8497 14.985
-56.5484 10.4517 -51.9377 12.9837 40.066 12.1779 15.318
-61.5181 11.0274 -39.2578 15.6904 43.3279 12.9588 15.651
-68.4372 10.106 -16.214 17.7689 47.8331 12.139 15.984
-71.6268 9.88146 13.2225 16.2759 49.7996 11.8215 16.317
-68.1388 10.7969 35.5771 13.8519 46.0531 12.5059 16.65
-64.9143 11.0387 45.9122 11.6724 39.4682 14.04 16.983
-64.708 10.5825 49.2859 13.0109 30.0533 16.7369 17.316
-67.0968 11.2627 50.7304 13.5689 17.3421 17.557 17.649
-69.5553 10.8148 52.1272 12.4603 2.00078 17.3377 17.982
-69.6305 10.4504 52.1033 11.3265 -12.1698 14.0777 18.315
-68.2403 10.6087 51.4047 11.1822 -21.9919 13.4769 18.648
-66.6563 10.28 50.4948 11.2438 -27.2986 12.6824 18.981
-66.0294 10.7994 50.3145 11.946 -28.8913 11.9684 19.314
-66.09 10.464 50.4623 11.19 -28.8165 11.6528 19.647
-66.1425 10.0672 50.5949 10.6833 -28.9889 11.8321 19.98
-65.9433 10.4891 50.782 10.8622 -28.8195 11.7569 20.313
-65.7477 10.2027 50.9845 10.7305 -28.8456 11.9638 20.646
-63.504 11.6231 52.0207 11.1576 -29.5629 11.9523 20.979
-54.5053 15.0687 56.2884 11.9511 -31.9097 12.4539 21.312
-35.0295 17.5174 65.4519 11.384 -37.3724 14.3345 21.645
-1.91978 18.3596 74.2203 9.85827 -42.2391 13.938 21.978
32.3058 15.8998 73.0187 10.3425 -41.8083 12.9497 22.311
51.1802 12.857 65.0903 10.9535 -37.3751 12.6769 22.644
55.5287 11.4627 59.9932 11.3963 -34.4712 13.7473 22.977
55.2291 12.0286 59.1567 11.2849 -33.9758 12.2081 23.31
55.2848 10.8327 59.2257 10.6608 -33.7448 12.8755 23.643
55.5392 10.6845 59.4472 10.6252 -33.8927 12.0437 23.976
55.6037 10.4945 59.1353 10.8835 -33.623 11.7857 24.309
55.9211 10.8021 59.3341 10.5165 -33.6855 12.4173 24.642
55.8503 10.7035 59.0422 9.96426 -33.538 11.8838 24.975
55.989 10.4825 59.1886 10.5156 -33.6688 11.6828 25.308
55.9635 10.6929 59.1345 10.8831 -33.7007 11.7837 25.641
55.8072 10.9458 58.7336 10.9244 -33.536 12.5119 25.974
56.0388 10.447 58.8276 10.5037 -33.5471 11.8471 26.307
56.2438 9.94862 58.8353 10.6202 -33.594 11.3603 26.64
56.5976 9.60816 58.8674 10.5441 -33.3713 11.6722 26.973
56.6307 10.1778 58.472 11.2812 -33.3831 11.8249 27.306
56.8223 10.3706 58.6685 10.6433 -33.4132 11.3954 27.639
56.6015 10.7545 58.2723 10.829 -33.3265 11.8369 27.972
56.8096 9.95816 58.3476 11.1368 -33.178 12.3564 28.305
56.7109 10.2503 58.41 10.9743 -33.1205 12.3145 28.638
56.6266 11.3813 58.5091 10.836 -33.2106 12.7584 28.971
56.7741 10.3194 58.5275 10.046 -33.2968 11.9664 29.304
56.9011 10.3494 58.4933 9.80577 -33.3641 12.3333 29.637
57.1794 10.6889 58.4578 10.7861 -33.3028 12.8168 29.97
57.1877 10.293 58.2355 10.9575 -33.16 11.8696 30.303
56.8598 10.772 58.2319 10.5839 -33.2961 11.5911 30.636
56.8554 9.84453 57.9782 9.89777 -33.5482 11.8075 30.969
56.837 10.2521 57.8683 11.4685 -33.6889 12.2737 31.302
56.9561 10.7174 57.9747 9.94129 -33.9876 11.8861 31.635
56.9568 10.7567 58.0289 10.3534 -33.9799 12.5727 31.968
56.8854 11.5091 57.7822 10.4973 -33.8198 12.3912 32.301
57.3778 10.7363 56.3663 12.1906 -34.0738 12.1952 32.634
59.7557 11.5039 50.1617 13.5805 -35.6065 12.6923 32.967
65.8273 10.7664 35.3937 15.5862 -39.1224 13.1745 33.3
