250
0.333 81.6767 4.68358
0.666 82.8907 5.99813
0.999 84.9345 7.762
1.332 87.1669 8.65482
1.665 88.9198 8.96407
1.998 89.7333 8.94539
2.331 89.9601 8.89928
2.664 90.0022 8.85577
2.997 89.8507 8.90087
3.33 89.2817 8.80979
3.663 87.8641 8.42299
3.996 86.9 8.33613
4.329 86.3573 7.86276
4.662 86.3244 7.79673
4.995 88.1354 8.47026
5.328 89.9747 8.31179
5.661 90.1682 8.28505
5.994 88.9171 8.30818
6.327 88.6771 8.5102
6.66 88.3348 8.2465
6.993 88.3932 8.27631
7.326 89.0491 8.25309
7.659 89.7214 8.19212
7.992 89.8808 8.20699
8.325 89.7138 8.0821
8.658 89.6861 8.1409
8.991 89.9983 8.25151
9.324 89.6546 8.2449
9.657 88.961 8.27004
9.99 87.8342 8.87091
10.323 87.3456 8.90116
10.656 86.6451 8.30464
10.989 87.9512 8.97743
11.322 89.5622 8.72458
11.655 92.2465 8.32878
11.988 92.7928 8.56185
12.321 91.9995 8.47515
12.654 90.2637 8.28313
12.987 90.13 8.12176
13.32 89.5608 8.15769
13.653 89.9924 7.97281
13.986 89.6373 8.00225
14.319 89.9423 7.93733
14.652 89.5766 8.26677
14.985 89.5228 8.07988
15.318 89.8971 8.19259
15.651 89.8232 8.17155
15.984 89.5947 8.1634
16.317 89.7871 7.90093
16.65 89.6859 8.25846
16.983 89.8391 8.41871
17.316 89.6483 8.11337
17.649 89.9861 8.26522
17.982 89.3636 8.15452
18.315 89.5603 8.04571
18.648 89.9037 8.2187
18.981 89.6906 8.04679
19.314 89.7125 8.05615
19.647 89.5858 7.88775
19.98 89.8887 7.89745
20.313 89.9245 8.08323
20.646 89.4795 7.94851
20.979 89.6414 8.24389
21.312 88.5834 8.11746
21.645 87.7759 8.74105
21.978 85.5431 8.94399
22.311 83.4427 8.8709
22.644 81.8839 8.14291
22.977 81.832 8.61047
23.31 85.3671 10.013
23.643 89.2991 9.58196
23.976 94.7478 8.49386
24.309 97.4451 9.12572
24.642 97.031 9.80308
24.975 95.8871 9.66446
25.308 94.246 9.38046
25.641 92.1112 8.55288
25.974 90.6533 8.20333
26.307 89.8873 7.96881
26.64 90.056 8.14715
26.973 89.2342 8.03836
27.306 89.7188 8.06313
27.639 89.5282 8.09734
27.972 89.5799 8.07411
28.305 89.2867 8.03113
28.638 89.7844 8.01896
28.971 89.6591 8.04294
29.304 89.6048 8.32352
29.637 89.6783 8.07984
29.97 89.5213 7.88106
30.303 90.0279 8.05755
30.636 89.51 8.2025
30.969 89.5365 7.98676
31.302 89.4071 8.05454
31.635 89.5831 7.89532
31.968 89.7464 7.99165
32.301 89.1111 8.03411
32.634 88.8452 7.7921
32.967 89.2901 8.02502
33.3 89.0613 8.37606
33.633 87.8243 8.53306
33.966 87.4834 8.71703
34.299 86.6862 8.59117
34.632 88.1351 9.35126
34.965 88.7719 10.408
35.298 86.9618 10.6631
35.631 86.3425 9.76731
35.964 87.9023 9.82914
36.297 91.789 9.15871
36.63 94.0504 9.59668
36.963 94.3921 9.48028
37.296 92.9658 8.97329
37.629 91.8213 8.67582
37.962 91.0103 8.41179
38.295 90.2163 8.3059
38.628 90.0783 8.24919
38.961 89.6974 8.14611
39.294 89.633 8.19113
39.627 89.7466 8.1277
39.96 89.7471 8.16971
40.293 89.4752 7.86603
40.626 89.5304 8.10704
40.959 89.6636 8.11145
41.292 89.6901 7.96763
41.625 89.5352 7.92413
41.958 89.6518 8.03576
42.291 89.8798 8.13132
42.624 89.4839 7.9583
42.957 89.5255 8.29352
43.29 89.6261 8.19792
43.623 89.8119 8.37518
43.956 89.7599 8.15682
44.289 89.7207 7.8782
44.622 89.3255 8.31647
44.955 88.5643 8.48898
45.288 87.0961 8.59325
45.621 87.0006 8.44876
45.954 89.0524 8.32204
46.287 91.7919 8.69412
46.62 91.9414 8.86356
46.953 91.067 8.31876
47.286 90.4415 8.41956
47.619 89.514 8.11281
47.952 89.7691 8.27269
48.285 89.6694 7.78641
48.618 89.231 8.07079
48.951 89.4279 8.19014
49.284 89.5413 8.08087
49.617 89.9594 7.9067
49.95 89.6804 8.05404
50.283 89.436 8.1894
50.616 89.4751 8.23988
50.949 89.5185 8.19299
51.282 89.3621 8.07566
51.615 89.3812 7.90212
51.948 89.3798 8.1068
52.281 89.0954 8.10197
52.614 89.55 8.0555
52.947 89.4392 7.85972
53.28 89.4872 8.01972
53.613 89.7526 8.0308
53.946 89.8273 8.12528
54.279 89.644 8.06691
54.612 89.8657 8.21505
54.945 90.0202 8.16861
55.278 89.1946 8.50876
55.611 88.989 8.59028
55.944 87.4919 9.02946
56.277 85.8234 8.7298
56.61 85.5916 8.67167
56.943 87.1328 9.09845
57.276 90.2359 9.60844
57.609 93.0166 8.90761
57.942 94.4953 8.77286
58.275 93.3649 9.09896
58.608 91.2928 8.64837
58.941 90.2283 8.20307
59.274 89.6982 8.16373
59.607 89.56 8.14441
59.94 89.642 8.21472
60.273 89.554 8.18501
60.606 89.5244 8.16154
60.939 89.7883 8.04324
61.272 89.6895 8.08405
61.605 89.7091 8.07517
61.938 89.4574 8.06027
62.271 89.6895 8.09511
62.604 89.2123 7.9812
62.937 89.8463 7.88964
63.27 89.4207 7.88801
63.603 90.0094 8.14298
63.936 89.7774 8.30758
64.269 89.8725 7.96124
64.602 89.5165 8.17966
64.935 89.6064 7.96382
65.268 89.2264 7.89678
65.601 89.8052 8.12633
65.934 89.6411 8.04692
66.267 89.6737 8.01799
66.6 89.7074 7.92321
66.933 89.4148 7.96342
67.266 89.4462 8.18128
67.599 88.7683 8.58845
67.932 87.745 8.81043
68.265 87.0592 8.91585
68.598 87.7486 8.48784
68.931 90.3271 8.39898
69.264 93.0529 8.87601
69.597 92.4904 8.83149
69.93 91.1601 8.34973
70.263 88.8109 8.33192
70.596 87.209 8.2963
70.929 87.7252 8.37526
71.262 88.614 8.29901
71.595 88.467 8.23407
71.928 89.8348 8.23793
72.261 89.4566 8.53048
72.594 89.4241 8.46114
72.927 89.2972 8.33875
73.26 89.8112 8.55299
73.593 89.3788 8.43919
73.926 89.406 8.4836
74.259 88.7798 8.81227
74.592 87.9687 9.18454
74.925 86.5285 9.30289
75.258 85.16 9.03984
75.591 86.1479 8.64294
75.924 89.6397 8.50244
76.257 92.8782 8.78678
76.59 93.647 9.30451
76.923 92.3352 9.34202
77.256 90.6925 8.72023
77.589 89.6996 8.70235
77.922 89.11 8.4735
78.255 89.3638 8.50678
78.588 89.528 8.46651
78.921 89.2188 8.30416
79.254 89.261 8.23014
79.587 88.8452 8.19493
79.92 89.3987 8.46396
80.253 88.9128 8.39953
80.586 89.4435 8.28901
80.919 89.7353 8.30252
81.252 89.4839 8.34826
81.585 89.3245 8.28683
81.918 89.1622 8.33398
82.251 88.9135 8.35918
82.584 89.6612 8.46919
82.917 89.2028 8.22131
83.25 89.5251 8.4162
