100
0.333 94.0094 8.42536
0.666 97.888 5.79574
0.999 98.8128 4.35328
1.332 99.0304 4.01301
1.665 98.9649 4.17241
1.998 98.7134 4.67029
2.331 98.2769 5.24381
2.664 97.6799 6.05743
2.997 97.3702 6.30584
3.33 96.9455 6.83282
3.663 96.6259 7.01145
3.996 95.9185 7.49963
4.329 95.2503 7.97193
4.662 94.3681 8.25337
4.995 93.3601 8.78257
5.328 92.4333 9.0497
5.661 91.3104 9.27486
5.994 90.0936 9.30333
6.327 89.3424 9.08693
6.66 88.9403 9.19901
6.993 88.245 9.0164
7.326 87.6103 8.64223
7.659 87.3275 8.55863
7.992 87.2897 8.33702
8.325 87.7017 8.21939
8.658 87.8531 8.22953
8.991 89.1494 8.23181
9.324 89.1576 7.97065
9.657 89.4926 7.92087
9.99 89.5527 7.71461
10.323 89.4011 7.61868
10.656 89.3372 7.4095
10.989 89.643 7.3782
11.322 89.8266 7.52838
11.655 89.5413 7.51409
11.988 89.8278 7.29358
12.321 89.8092 7.29636
12.654 89.9224 7.43776
12.987 89.9185 7.3213
13.32 89.9379 7.34398
13.653 89.715 7.38785
13.986 89.8787 7.21323
14.319 89.8362 7.44045
14.652 90.1265 7.26262
14.985 89.6833 7.55598
15.318 88.714 7.51508
15.651 87.6505 7.48812
15.984 88.0154 7.28409
16.317 90.7373 7.3667
16.65 91.8331 7.81354
16.983 90.9798 7.57837
17.316 89.5554 7.78736
17.649 89.1145 7.35701
17.982 89.8432 7.7586
18.315 89.9649 7.29903
18.648 90.2395 7.67329
18.981 89.88 7.24784
19.314 89.8705 7.21168
19.647 89.7884 7.29925
19.98 89.8704 7.33609
20.313 89.8526 7.11595
20.646 89.7949 7.31317
20.979 89.1953 7.71515
21.312 87.3097 7.7107
21.645 86.5627 7.51943
21.978 88.6975 7.59963
22.311 92.6735 7.9009
22.644 92.9631 7.54369
22.977 90.9038 7.59284
23.31 89.839 7.35846
23.643 89.6909 7.42414
23.976 89.9276 7.23852
24.309 89.6263 7.33943
24.642 90.0685 7.18062
24.975 89.6303 7.1771
25.308 89.8518 7.43352
25.641 89.9161 7.16149
25.974 89.6201 7.25814
26.307 89.6119 7.4815
26.64 89.6868 7.11406
26.973 89.8356 7.18343
27.306 89.777 7.15558
27.639 89.9171 7.26663
27.972 89.6043 7.35973
28.305 89.7633 7.14023
28.638 89.7214 7.21368
28.971 89.9526 7.14882
29.304 89.7513 7.26315
29.637 89.8648 7.21481
29.97 90.2153 7.20709
30.303 89.8652 7.2485
30.636 89.6817 7.22687
30.969 89.4532 7.20586
31.302 89.7285 7.08552
31.635 89.7953 7.21065
31.968 89.9753 7.17531
32.301 89.7812 7.35162
32.634 89.3715 7.46605
32.967 88.1615 7.75696
33.3 87.1395 7.45867
